Sample	0	1	2	3	4	5	6	7	8	9	10	11	12	13	14	15	16	17	18	19	20	21	22	23	24	25	26	27	28	29	30	31	32	33	34	35	36
CHa_47_T0_B_TWS042_10_LPART10_1	(11.0, 4.0)	(12.0, 80.0)	(13.0, 2393.0)	(14.0, 23609.0)	(15.0, 90719.0)	(16.0, 142104.0)	(17.0, 113723.0)	(18.0, 94851.0)	(19.0, 124763.0)	(20.0, 176167.0)	(21.0, 226498.0)	(22.0, 272862.0)	(23.0, 325573.0)	(24.0, 379004.0)	(25.0, 448336.0)	(26.0, 534660.0)	(27.0, 614312.0)	(28.0, 722983.0)	(29.0, 825850.0)	(30.0, 967519.0)	(31.0, 1146489.0)	(32.0, 1434767.0)	(33.0, 2070135.0)	(34.0, 3020591.0)	(35.0, 4268159.0)	(36.0, 6013022.0)	(37.0, 11233436.0)	(38.0, 26011108.0)	(39.0, 361275835.0)	(40.0, 277546432.0)							
CHa_47_T0_B_TWS042_10_LPART10_2	(4.0, 2.0)	(5.0, 4.0)	(6.0, 8.0)	(7.0, 16.0)	(8.0, 29.0)	(9.0, 123.0)	(10.0, 1204.0)	(11.0, 9136.0)	(12.0, 35922.0)	(13.0, 120707.0)	(14.0, 330717.0)	(15.0, 528909.0)	(16.0, 552592.0)	(17.0, 463882.0)	(18.0, 424262.0)	(19.0, 437983.0)	(20.0, 482084.0)	(21.0, 534329.0)	(22.0, 590528.0)	(23.0, 655458.0)	(24.0, 715286.0)	(25.0, 784643.0)	(26.0, 858057.0)	(27.0, 941446.0)	(28.0, 1052063.0)	(29.0, 1177377.0)	(30.0, 1369260.0)	(31.0, 1587007.0)	(32.0, 1943641.0)	(33.0, 2396971.0)	(34.0, 3201801.0)	(35.0, 4615119.0)	(36.0, 7561020.0)	(37.0, 14222847.0)	(38.0, 35568499.0)	(39.0, 348431018.0)	(40.0, 268512034.0)
CHa_47_T0_B_TWS042_10_LPART11_1	(12.0, 4.0)	(13.0, 138.0)	(14.0, 1392.0)	(15.0, 5136.0)	(16.0, 8352.0)	(17.0, 10387.0)	(18.0, 15118.0)	(19.0, 23568.0)	(20.0, 34733.0)	(21.0, 45469.0)	(22.0, 56191.0)	(23.0, 69369.0)	(24.0, 80708.0)	(25.0, 95757.0)	(26.0, 112736.0)	(27.0, 128450.0)	(28.0, 151929.0)	(29.0, 172318.0)	(30.0, 205100.0)	(31.0, 242134.0)	(32.0, 302128.0)	(33.0, 428710.0)	(34.0, 621154.0)	(35.0, 923303.0)	(36.0, 1374776.0)	(37.0, 2800326.0)	(38.0, 7155323.0)	(39.0, 77274144.0)	(40.0, 50132944.0)								
CHa_47_T0_B_TWS042_10_LPART11_2	(9.0, 12.0)	(10.0, 419.0)	(11.0, 3065.0)	(12.0, 10062.0)	(13.0, 27237.0)	(14.0, 62568.0)	(15.0, 87272.0)	(16.0, 86684.0)	(17.0, 80843.0)	(18.0, 79955.0)	(19.0, 87130.0)	(20.0, 99096.0)	(21.0, 111536.0)	(22.0, 125051.0)	(23.0, 139355.0)	(24.0, 152164.0)	(25.0, 167417.0)	(26.0, 183372.0)	(27.0, 200633.0)	(28.0, 224275.0)	(29.0, 249161.0)	(30.0, 291669.0)	(31.0, 340237.0)	(32.0, 422142.0)	(33.0, 532370.0)	(34.0, 730984.0)	(35.0, 1065066.0)	(36.0, 1733509.0)	(37.0, 3436028.0)	(38.0, 8803984.0)	(39.0, 76225442.0)	(40.0, 46713059.0)					
CHa_47_T0_B_TWS042_10_LPART12_1	(12.0, 11.0)	(13.0, 185.0)	(14.0, 2153.0)	(15.0, 8605.0)	(16.0, 14310.0)	(17.0, 17943.0)	(18.0, 27564.0)	(19.0, 45267.0)	(20.0, 68801.0)	(21.0, 91500.0)	(22.0, 114529.0)	(23.0, 141049.0)	(24.0, 165977.0)	(25.0, 199293.0)	(26.0, 234387.0)	(27.0, 271189.0)	(28.0, 324144.0)	(29.0, 370757.0)	(30.0, 445522.0)	(31.0, 528819.0)	(32.0, 676285.0)	(33.0, 968017.0)	(34.0, 1404938.0)	(35.0, 2099870.0)	(36.0, 3217641.0)	(37.0, 6693314.0)	(38.0, 17791107.0)	(39.0, 176223050.0)	(40.0, 87059379.0)								
CHa_47_T0_B_TWS042_10_LPART12_2	(9.0, 8.0)	(10.0, 450.0)	(11.0, 3833.0)	(12.0, 14572.0)	(13.0, 47711.0)	(14.0, 116516.0)	(15.0, 160091.0)	(16.0, 159405.0)	(17.0, 149712.0)	(18.0, 151651.0)	(19.0, 166635.0)	(20.0, 192461.0)	(21.0, 221331.0)	(22.0, 251795.0)	(23.0, 286422.0)	(24.0, 316085.0)	(25.0, 352797.0)	(26.0, 389334.0)	(27.0, 432595.0)	(28.0, 489101.0)	(29.0, 552428.0)	(30.0, 654097.0)	(31.0, 769879.0)	(32.0, 967833.0)	(33.0, 1232076.0)	(34.0, 1707496.0)	(35.0, 2502266.0)	(36.0, 4092845.0)	(37.0, 8244132.0)	(38.0, 21411353.0)	(39.0, 169010946.0)	(40.0, 84157750.0)					
CHa_47_T0_B_TWS042_10_LPART13_1	(11.0, 2.0)	(12.0, 120.0)	(13.0, 2991.0)	(14.0, 24851.0)	(15.0, 67960.0)	(16.0, 77775.0)	(17.0, 81803.0)	(18.0, 114301.0)	(19.0, 165720.0)	(20.0, 229083.0)	(21.0, 288890.0)	(22.0, 358658.0)	(23.0, 440864.0)	(24.0, 520458.0)	(25.0, 642596.0)	(26.0, 773551.0)	(27.0, 916600.0)	(28.0, 1129994.0)	(29.0, 1311707.0)	(30.0, 1651995.0)	(31.0, 1998544.0)	(32.0, 2685275.0)	(33.0, 3775136.0)	(34.0, 5470473.0)	(35.0, 8504854.0)	(36.0, 14096030.0)	(37.0, 31158937.0)	(38.0, 79372423.0)	(39.0, 386406029.0)	(40.0, 87267062.0)							
CHa_47_T0_B_TWS042_10_LPART13_2	(7.0, 1.0)	(8.0, 5.0)	(9.0, 16.0)	(10.0, 1047.0)	(11.0, 12666.0)	(12.0, 63043.0)	(13.0, 212567.0)	(14.0, 477074.0)	(15.0, 640650.0)	(16.0, 638850.0)	(17.0, 588429.0)	(18.0, 570657.0)	(19.0, 601606.0)	(20.0, 674476.0)	(21.0, 750626.0)	(22.0, 840143.0)	(23.0, 949977.0)	(24.0, 1050999.0)	(25.0, 1195169.0)	(26.0, 1333483.0)	(27.0, 1510179.0)	(28.0, 1751161.0)	(29.0, 2000596.0)	(30.0, 2453765.0)	(31.0, 2890596.0)	(32.0, 3743561.0)	(33.0, 4739872.0)	(34.0, 6550844.0)	(35.0, 9633129.0)	(36.0, 15660966.0)	(37.0, 32582569.0)	(38.0, 82039287.0)	(39.0, 371723059.0)	(40.0, 81653614.0)			
CHa_47_T0_B_TWS042_10_LPART14_1	(11.0, 1.0)	(12.0, 103.0)	(13.0, 2935.0)	(14.0, 22531.0)	(15.0, 57166.0)	(16.0, 70118.0)	(17.0, 82915.0)	(18.0, 121731.0)	(19.0, 176347.0)	(20.0, 240160.0)	(21.0, 295951.0)	(22.0, 357064.0)	(23.0, 438802.0)	(24.0, 516748.0)	(25.0, 643827.0)	(26.0, 793150.0)	(27.0, 955043.0)	(28.0, 1210317.0)	(29.0, 1422251.0)	(30.0, 1824706.0)	(31.0, 2225989.0)	(32.0, 2983504.0)	(33.0, 4162536.0)	(34.0, 5908214.0)	(35.0, 9084586.0)	(36.0, 14775361.0)	(37.0, 32114380.0)	(38.0, 77260690.0)	(39.0, 329998162.0)	(40.0, 73482980.0)							
CHa_47_T0_B_TWS042_10_LPART14_2	(8.0, 1.0)	(9.0, 8.0)	(10.0, 605.0)	(11.0, 8996.0)	(12.0, 50083.0)	(13.0, 185386.0)	(14.0, 417267.0)	(15.0, 537530.0)	(16.0, 523223.0)	(17.0, 478251.0)	(18.0, 466443.0)	(19.0, 498327.0)	(20.0, 566534.0)	(21.0, 636541.0)	(22.0, 724309.0)	(23.0, 831450.0)	(24.0, 932225.0)	(25.0, 1087829.0)	(26.0, 1234051.0)	(27.0, 1437413.0)	(28.0, 1706224.0)	(29.0, 1984673.0)	(30.0, 2493362.0)	(31.0, 2959591.0)	(32.0, 3893519.0)	(33.0, 4933813.0)	(34.0, 6829019.0)	(35.0, 9999186.0)	(36.0, 16265575.0)	(37.0, 33830524.0)	(38.0, 82099735.0)	(39.0, 314696865.0)	(40.0, 68919710.0)				
CHa_47_T0_B_TWS042_10_LPART15_1	(12.0, 46.0)	(13.0, 1041.0)	(14.0, 7378.0)	(15.0, 17161.0)	(16.0, 20483.0)	(17.0, 24135.0)	(18.0, 36793.0)	(19.0, 56544.0)	(20.0, 81293.0)	(21.0, 103718.0)	(22.0, 127142.0)	(23.0, 154051.0)	(24.0, 180632.0)	(25.0, 220855.0)	(26.0, 266920.0)	(27.0, 317552.0)	(28.0, 393323.0)	(29.0, 459887.0)	(30.0, 584022.0)	(31.0, 709199.0)	(32.0, 968703.0)	(33.0, 1390449.0)	(34.0, 2030250.0)	(35.0, 3061750.0)	(36.0, 5002052.0)	(37.0, 10874558.0)	(38.0, 31267250.0)	(39.0, 219237462.0)	(40.0, 44130890.0)								
CHa_47_T0_B_TWS042_10_LPART15_2	(9.0, 4.0)	(10.0, 421.0)	(11.0, 5474.0)	(12.0, 30718.0)	(13.0, 110962.0)	(14.0, 254562.0)	(15.0, 334748.0)	(16.0, 326029.0)	(17.0, 294901.0)	(18.0, 278674.0)	(19.0, 285549.0)	(20.0, 308769.0)	(21.0, 333340.0)	(22.0, 365610.0)	(23.0, 402363.0)	(24.0, 439111.0)	(25.0, 494198.0)	(26.0, 544891.0)	(27.0, 613368.0)	(28.0, 701067.0)	(29.0, 791268.0)	(30.0, 959416.0)	(31.0, 1112071.0)	(32.0, 1437626.0)	(33.0, 1805727.0)	(34.0, 2524297.0)	(35.0, 3763468.0)	(36.0, 6259541.0)	(37.0, 13216129.0)	(38.0, 35516806.0)	(39.0, 203700232.0)	(40.0, 44514199.0)					
CHa_47_T0_B_TWS042_10_LPART16_1	(12.0, 33.0)	(13.0, 901.0)	(14.0, 7002.0)	(15.0, 18781.0)	(16.0, 22711.0)	(17.0, 23958.0)	(18.0, 33005.0)	(19.0, 48325.0)	(20.0, 65996.0)	(21.0, 84109.0)	(22.0, 104717.0)	(23.0, 129793.0)	(24.0, 153047.0)	(25.0, 185408.0)	(26.0, 218812.0)	(27.0, 252464.0)	(28.0, 299874.0)	(29.0, 340359.0)	(30.0, 405827.0)	(31.0, 476146.0)	(32.0, 592996.0)	(33.0, 824670.0)	(34.0, 1160263.0)	(35.0, 1688538.0)	(36.0, 2426667.0)	(37.0, 4531039.0)	(38.0, 10164728.0)	(39.0, 105730474.0)	(40.0, 70242374.0)								
CHa_47_T0_B_TWS042_10_LPART16_2	(9.0, 6.0)	(10.0, 340.0)	(11.0, 2574.0)	(12.0, 9970.0)	(13.0, 33900.0)	(14.0, 93010.0)	(15.0, 135248.0)	(16.0, 130429.0)	(17.0, 111946.0)	(18.0, 106360.0)	(19.0, 113422.0)	(20.0, 127767.0)	(21.0, 143460.0)	(22.0, 162825.0)	(23.0, 183715.0)	(24.0, 200601.0)	(25.0, 224545.0)	(26.0, 246044.0)	(27.0, 272365.0)	(28.0, 306435.0)	(29.0, 344603.0)	(30.0, 402748.0)	(31.0, 469001.0)	(32.0, 581870.0)	(33.0, 734931.0)	(34.0, 998871.0)	(35.0, 1471078.0)	(36.0, 2384160.0)	(37.0, 4576800.0)	(38.0, 11323171.0)	(39.0, 102141708.0)	(40.0, 72199114.0)					
CHa_47_T0_B_TWS042_10_LPART17_1	(11.0, 4.0)	(12.0, 128.0)	(13.0, 3701.0)	(14.0, 37999.0)	(15.0, 134308.0)	(16.0, 178793.0)	(17.0, 122231.0)	(18.0, 101441.0)	(19.0, 134353.0)	(20.0, 188181.0)	(21.0, 244797.0)	(22.0, 306458.0)	(23.0, 375906.0)	(24.0, 441890.0)	(25.0, 524815.0)	(26.0, 614711.0)	(27.0, 704949.0)	(28.0, 829617.0)	(29.0, 945682.0)	(30.0, 1123072.0)	(31.0, 1334702.0)	(32.0, 1666448.0)	(33.0, 2420107.0)	(34.0, 3539009.0)	(35.0, 5109607.0)	(36.0, 7315559.0)	(37.0, 13477167.0)	(38.0, 29179940.0)	(39.0, 307459120.0)	(40.0, 322566243.0)							
CHa_47_T0_B_TWS042_10_LPART17_2	(8.0, 1.0)	(9.0, 18.0)	(10.0, 867.0)	(11.0, 7092.0)	(12.0, 31201.0)	(13.0, 121863.0)	(14.0, 358115.0)	(15.0, 554814.0)	(16.0, 526467.0)	(17.0, 413428.0)	(18.0, 373740.0)	(19.0, 394536.0)	(20.0, 449217.0)	(21.0, 510416.0)	(22.0, 575629.0)	(23.0, 644340.0)	(24.0, 708992.0)	(25.0, 787343.0)	(26.0, 860741.0)	(27.0, 952830.0)	(28.0, 1069721.0)	(29.0, 1200495.0)	(30.0, 1407589.0)	(31.0, 1639078.0)	(32.0, 2019722.0)	(33.0, 2511536.0)	(34.0, 3410110.0)	(35.0, 4959237.0)	(36.0, 8018122.0)	(37.0, 15435535.0)	(38.0, 37657386.0)	(39.0, 332912014.0)	(40.0, 280568743.0)				
CHa_47_T0_B_TWS042_10_LPART18_1	(11.0, 3.0)	(12.0, 103.0)	(13.0, 3005.0)	(14.0, 27380.0)	(15.0, 89037.0)	(16.0, 111635.0)	(17.0, 83424.0)	(18.0, 84663.0)	(19.0, 119249.0)	(20.0, 169154.0)	(21.0, 217387.0)	(22.0, 275386.0)	(23.0, 338463.0)	(24.0, 398372.0)	(25.0, 476621.0)	(26.0, 560626.0)	(27.0, 646305.0)	(28.0, 765476.0)	(29.0, 872175.0)	(30.0, 1042112.0)	(31.0, 1238882.0)	(32.0, 1561144.0)	(33.0, 2259880.0)	(34.0, 3302073.0)	(35.0, 4772951.0)	(36.0, 6961145.0)	(37.0, 12974606.0)	(38.0, 28571160.0)	(39.0, 277149085.0)	(40.0, 243030314.0)							
CHa_47_T0_B_TWS042_10_LPART18_2	(9.0, 7.0)	(10.0, 387.0)	(11.0, 4617.0)	(12.0, 24217.0)	(13.0, 103952.0)	(14.0, 301340.0)	(15.0, 449567.0)	(16.0, 427358.0)	(17.0, 352853.0)	(18.0, 329279.0)	(19.0, 352610.0)	(20.0, 401254.0)	(21.0, 452573.0)	(22.0, 508779.0)	(23.0, 572713.0)	(24.0, 629886.0)	(25.0, 699581.0)	(26.0, 767857.0)	(27.0, 850324.0)	(28.0, 956328.0)	(29.0, 1074265.0)	(30.0, 1262222.0)	(31.0, 1463087.0)	(32.0, 1814827.0)	(33.0, 2264697.0)	(34.0, 3080395.0)	(35.0, 4522174.0)	(36.0, 7404916.0)	(37.0, 14459835.0)	(38.0, 35554069.0)	(39.0, 292959642.0)	(40.0, 214056205.0)					
CHa_47_T0_B_TWS042_10_LPART19_1	(11.0, 1.0)	(12.0, 4.0)	(13.0, 104.0)	(14.0, 1227.0)	(15.0, 5036.0)	(16.0, 7983.0)	(17.0, 8389.0)	(18.0, 11643.0)	(19.0, 19504.0)	(20.0, 29858.0)	(21.0, 39644.0)	(22.0, 50793.0)	(23.0, 63140.0)	(24.0, 75181.0)	(25.0, 91555.0)	(26.0, 110099.0)	(27.0, 129095.0)	(28.0, 155786.0)	(29.0, 180138.0)	(30.0, 215032.0)	(31.0, 257691.0)	(32.0, 327543.0)	(33.0, 471385.0)	(34.0, 691892.0)	(35.0, 1008867.0)	(36.0, 1451046.0)	(37.0, 2765085.0)	(38.0, 6389426.0)	(39.0, 79806580.0)	(40.0, 61924901.0)							
CHa_47_T0_B_TWS042_10_LPART19_2	(9.0, 9.0)	(10.0, 402.0)	(11.0, 3000.0)	(12.0, 10213.0)	(13.0, 28464.0)	(14.0, 66962.0)	(15.0, 92564.0)	(16.0, 90624.0)	(17.0, 81309.0)	(18.0, 80249.0)	(19.0, 86645.0)	(20.0, 96947.0)	(21.0, 108037.0)	(22.0, 120689.0)	(23.0, 134770.0)	(24.0, 146615.0)	(25.0, 162363.0)	(26.0, 177134.0)	(27.0, 195082.0)	(28.0, 219680.0)	(29.0, 245029.0)	(30.0, 287500.0)	(31.0, 334872.0)	(32.0, 413023.0)	(33.0, 521321.0)	(34.0, 709004.0)	(35.0, 1049203.0)	(36.0, 1719027.0)	(37.0, 3364635.0)	(38.0, 8473484.0)	(39.0, 79897560.0)	(40.0, 57372212.0)					
CHa_47_T0_B_TWS042_10_LPART1_1	(11.0, 2.0)	(12.0, 95.0)	(13.0, 2865.0)	(14.0, 22977.0)	(15.0, 59458.0)	(16.0, 68428.0)	(17.0, 73871.0)	(18.0, 106961.0)	(19.0, 157990.0)	(20.0, 219849.0)	(21.0, 278444.0)	(22.0, 346679.0)	(23.0, 425385.0)	(24.0, 502326.0)	(25.0, 619820.0)	(26.0, 744324.0)	(27.0, 881099.0)	(28.0, 1075954.0)	(29.0, 1252926.0)	(30.0, 1571886.0)	(31.0, 1903836.0)	(32.0, 2539200.0)	(33.0, 3572677.0)	(34.0, 5164853.0)	(35.0, 7991589.0)	(36.0, 13157210.0)	(37.0, 29092821.0)	(38.0, 74956567.0)	(39.0, 398443550.0)	(40.0, 95397063.0)							
CHa_47_T0_B_TWS042_10_LPART1_2	(8.0, 2.0)	(9.0, 7.0)	(10.0, 875.0)	(11.0, 11251.0)	(12.0, 57532.0)	(13.0, 201750.0)	(14.0, 457637.0)	(15.0, 597844.0)	(16.0, 584834.0)	(17.0, 532125.0)	(18.0, 519382.0)	(19.0, 551243.0)	(20.0, 620233.0)	(21.0, 692840.0)	(22.0, 779498.0)	(23.0, 881878.0)	(24.0, 977847.0)	(25.0, 1114651.0)	(26.0, 1247653.0)	(27.0, 1415535.0)	(28.0, 1640613.0)	(29.0, 1881095.0)	(30.0, 2306839.0)	(31.0, 2722643.0)	(32.0, 3521710.0)	(33.0, 4459967.0)	(34.0, 6162772.0)	(35.0, 9031858.0)	(36.0, 14647659.0)	(37.0, 30379125.0)	(38.0, 78307292.0)	(39.0, 384071560.0)	(40.0, 90252955.0)				
CHa_47_T0_B_TWS042_10_LPART20_1	(9.0, 1.0)	(10.0, 0.0)	(11.0, 3.0)	(12.0, 46.0)	(13.0, 1451.0)	(14.0, 15815.0)	(15.0, 68257.0)	(16.0, 117341.0)	(17.0, 98832.0)	(18.0, 83223.0)	(19.0, 107586.0)	(20.0, 152461.0)	(21.0, 196421.0)	(22.0, 241156.0)	(23.0, 295497.0)	(24.0, 346791.0)	(25.0, 415821.0)	(26.0, 491998.0)	(27.0, 564250.0)	(28.0, 667323.0)	(29.0, 755277.0)	(30.0, 890448.0)	(31.0, 1054660.0)	(32.0, 1325962.0)	(33.0, 1917435.0)	(34.0, 2795960.0)	(35.0, 4020590.0)	(36.0, 5753472.0)	(37.0, 10757356.0)	(38.0, 24352974.0)	(39.0, 294673002.0)	(40.0, 268321525.0)					
CHa_47_T0_B_TWS042_10_LPART20_2	(4.0, 1.0)	(5.0, 4.0)	(6.0, 11.0)	(7.0, 14.0)	(8.0, 33.0)	(9.0, 116.0)	(10.0, 1466.0)	(11.0, 9912.0)	(12.0, 35206.0)	(13.0, 105830.0)	(14.0, 284520.0)	(15.0, 458949.0)	(16.0, 474474.0)	(17.0, 390387.0)	(18.0, 354317.0)	(19.0, 375115.0)	(20.0, 419956.0)	(21.0, 471139.0)	(22.0, 528486.0)	(23.0, 586708.0)	(24.0, 640763.0)	(25.0, 709850.0)	(26.0, 775515.0)	(27.0, 853271.0)	(28.0, 955592.0)	(29.0, 1068853.0)	(30.0, 1245300.0)	(31.0, 1446836.0)	(32.0, 1773715.0)	(33.0, 2210928.0)	(34.0, 2969185.0)	(35.0, 4328495.0)	(36.0, 6997101.0)	(37.0, 13400919.0)	(38.0, 32923132.0)	(39.0, 298337714.0)	(40.0, 245349121.0)
CHa_47_T0_B_TWS042_10_LPART21_1	(12.0, 51.0)	(13.0, 1286.0)	(14.0, 13604.0)	(15.0, 59682.0)	(16.0, 103585.0)	(17.0, 89654.0)	(18.0, 79764.0)	(19.0, 106729.0)	(20.0, 148843.0)	(21.0, 191971.0)	(22.0, 236739.0)	(23.0, 287329.0)	(24.0, 336792.0)	(25.0, 404150.0)	(26.0, 480780.0)	(27.0, 548222.0)	(28.0, 647825.0)	(29.0, 737384.0)	(30.0, 871273.0)	(31.0, 1031603.0)	(32.0, 1300057.0)	(33.0, 1890082.0)	(34.0, 2742627.0)	(35.0, 3954558.0)	(36.0, 5688863.0)	(37.0, 10789743.0)	(38.0, 24654284.0)	(39.0, 278960362.0)	(40.0, 245855197.0)								
CHa_47_T0_B_TWS042_10_LPART21_2	(4.0, 3.0)	(5.0, 5.0)	(6.0, 12.0)	(7.0, 27.0)	(8.0, 24.0)	(9.0, 105.0)	(10.0, 1557.0)	(11.0, 10216.0)	(12.0, 35961.0)	(13.0, 108867.0)	(14.0, 285681.0)	(15.0, 451503.0)	(16.0, 468178.0)	(17.0, 390386.0)	(18.0, 355026.0)	(19.0, 373005.0)	(20.0, 416438.0)	(21.0, 464830.0)	(22.0, 517165.0)	(23.0, 576664.0)	(24.0, 627858.0)	(25.0, 693820.0)	(26.0, 758551.0)	(27.0, 833563.0)	(28.0, 934458.0)	(29.0, 1041707.0)	(30.0, 1212920.0)	(31.0, 1401188.0)	(32.0, 1718900.0)	(33.0, 2135266.0)	(34.0, 2870019.0)	(35.0, 4202902.0)	(36.0, 6784615.0)	(37.0, 13133662.0)	(38.0, 32189021.0)	(39.0, 279469920.0)	(40.0, 227749016.0)
CHa_47_T0_B_TWS042_10_LPART22_1	(11.0, 3.0)	(12.0, 63.0)	(13.0, 1666.0)	(14.0, 16966.0)	(15.0, 61828.0)	(16.0, 84340.0)	(17.0, 63005.0)	(18.0, 62608.0)	(19.0, 90066.0)	(20.0, 129982.0)	(21.0, 171744.0)	(22.0, 217009.0)	(23.0, 269645.0)	(24.0, 317645.0)	(25.0, 379239.0)	(26.0, 444384.0)	(27.0, 509590.0)	(28.0, 600771.0)	(29.0, 683792.0)	(30.0, 810109.0)	(31.0, 961535.0)	(32.0, 1213269.0)	(33.0, 1754371.0)	(34.0, 2573618.0)	(35.0, 3712764.0)	(36.0, 5320299.0)	(37.0, 10014816.0)	(38.0, 22925237.0)	(39.0, 261752414.0)	(40.0, 233937272.0)							
CHa_47_T0_B_TWS042_10_LPART22_2	(5.0, 3.0)	(6.0, 4.0)	(7.0, 3.0)	(8.0, 28.0)	(9.0, 111.0)	(10.0, 1305.0)	(11.0, 9410.0)	(12.0, 32128.0)	(13.0, 94552.0)	(14.0, 247408.0)	(15.0, 374504.0)	(16.0, 368167.0)	(17.0, 304803.0)	(18.0, 286923.0)	(19.0, 306285.0)	(20.0, 345948.0)	(21.0, 390642.0)	(22.0, 439480.0)	(23.0, 490492.0)	(24.0, 535171.0)	(25.0, 592767.0)	(26.0, 644437.0)	(27.0, 705701.0)	(28.0, 790163.0)	(29.0, 875417.0)	(30.0, 1014145.0)	(31.0, 1167771.0)	(32.0, 1418796.0)	(33.0, 1767492.0)	(34.0, 2376800.0)	(35.0, 3508944.0)	(36.0, 5732545.0)	(37.0, 11162906.0)	(38.0, 28066698.0)	(39.0, 264721822.0)	(40.0, 220306279.0)	
CHa_47_T0_B_TWS042_10_LPART23_1	(10.0, 1.0)	(11.0, 6.0)	(12.0, 129.0)	(13.0, 3279.0)	(14.0, 35897.0)	(15.0, 136541.0)	(16.0, 185077.0)	(17.0, 122898.0)	(18.0, 99556.0)	(19.0, 131701.0)	(20.0, 185303.0)	(21.0, 243832.0)	(22.0, 306060.0)	(23.0, 376939.0)	(24.0, 443058.0)	(25.0, 530256.0)	(26.0, 617912.0)	(27.0, 705546.0)	(28.0, 833582.0)	(29.0, 943597.0)	(30.0, 1115487.0)	(31.0, 1321494.0)	(32.0, 1659819.0)	(33.0, 2375528.0)	(34.0, 3456401.0)	(35.0, 5014141.0)	(36.0, 7183387.0)	(37.0, 13519008.0)	(38.0, 30913786.0)	(39.0, 360527179.0)	(40.0, 334824606.0)						
CHa_47_T0_B_TWS042_10_LPART23_2	(5.0, 1.0)	(6.0, 1.0)	(7.0, 8.0)	(8.0, 20.0)	(9.0, 78.0)	(10.0, 1490.0)	(11.0, 12025.0)	(12.0, 44833.0)	(13.0, 140058.0)	(14.0, 375448.0)	(15.0, 586508.0)	(16.0, 570402.0)	(17.0, 453457.0)	(18.0, 415564.0)	(19.0, 440402.0)	(20.0, 495129.0)	(21.0, 558011.0)	(22.0, 624553.0)	(23.0, 695195.0)	(24.0, 758388.0)	(25.0, 837196.0)	(26.0, 910984.0)	(27.0, 995681.0)	(28.0, 1113511.0)	(29.0, 1234297.0)	(30.0, 1425668.0)	(31.0, 1643961.0)	(32.0, 1995578.0)	(33.0, 2484816.0)	(34.0, 3326306.0)	(35.0, 4873732.0)	(36.0, 7897170.0)	(37.0, 15394318.0)	(38.0, 38645034.0)	(39.0, 371888392.0)	(40.0, 306973791.0)	
CHa_47_T0_B_TWS042_10_LPART24_1	(12.0, 11.0)	(13.0, 388.0)	(14.0, 4319.0)	(15.0, 16670.0)	(16.0, 27796.0)	(17.0, 31523.0)	(18.0, 41257.0)	(19.0, 61876.0)	(20.0, 88169.0)	(21.0, 112600.0)	(22.0, 136217.0)	(23.0, 164442.0)	(24.0, 191122.0)	(25.0, 230287.0)	(26.0, 274017.0)	(27.0, 314750.0)	(28.0, 375562.0)	(29.0, 427279.0)	(30.0, 512303.0)	(31.0, 609783.0)	(32.0, 777399.0)	(33.0, 1110937.0)	(34.0, 1625599.0)	(35.0, 2441293.0)	(36.0, 3771606.0)	(37.0, 8086361.0)	(38.0, 21956039.0)	(39.0, 206575299.0)	(40.0, 99135513.0)								
CHa_47_T0_B_TWS042_10_LPART24_2	(9.0, 33.0)	(10.0, 1146.0)	(11.0, 7969.0)	(12.0, 26102.0)	(13.0, 70143.0)	(14.0, 162376.0)	(15.0, 225817.0)	(16.0, 229134.0)	(17.0, 207743.0)	(18.0, 200504.0)	(19.0, 215857.0)	(20.0, 245296.0)	(21.0, 277459.0)	(22.0, 312499.0)	(23.0, 350146.0)	(24.0, 384259.0)	(25.0, 426641.0)	(26.0, 467525.0)	(27.0, 518704.0)	(28.0, 586474.0)	(29.0, 661795.0)	(30.0, 787769.0)	(31.0, 929475.0)	(32.0, 1179820.0)	(33.0, 1497503.0)	(34.0, 2089530.0)	(35.0, 3070104.0)	(36.0, 5028860.0)	(37.0, 10244468.0)	(38.0, 26759503.0)	(39.0, 196839046.0)	(40.0, 95096717.0)					
CHa_47_T0_B_TWS042_10_LPART25_1	(12.0, 1.0)	(13.0, 59.0)	(14.0, 725.0)	(15.0, 2718.0)	(16.0, 3961.0)	(17.0, 4290.0)	(18.0, 6648.0)	(19.0, 11543.0)	(20.0, 17726.0)	(21.0, 24493.0)	(22.0, 31468.0)	(23.0, 39633.0)	(24.0, 47299.0)	(25.0, 57514.0)	(26.0, 68533.0)	(27.0, 79711.0)	(28.0, 95633.0)	(29.0, 110197.0)	(30.0, 132776.0)	(31.0, 159459.0)	(32.0, 203815.0)	(33.0, 300534.0)	(34.0, 437476.0)	(35.0, 649834.0)	(36.0, 970551.0)	(37.0, 1927778.0)	(38.0, 4807961.0)	(39.0, 55460097.0)	(40.0, 37863959.0)								
CHa_47_T0_B_TWS042_10_LPART25_2	(9.0, 12.0)	(10.0, 459.0)	(11.0, 2804.0)	(12.0, 9174.0)	(13.0, 22435.0)	(14.0, 51237.0)	(15.0, 76660.0)	(16.0, 79295.0)	(17.0, 70581.0)	(18.0, 67965.0)	(19.0, 70995.0)	(20.0, 78230.0)	(21.0, 85633.0)	(22.0, 94548.0)	(23.0, 104879.0)	(24.0, 113945.0)	(25.0, 126019.0)	(26.0, 135683.0)	(27.0, 149079.0)	(28.0, 166373.0)	(29.0, 183356.0)	(30.0, 213436.0)	(31.0, 243330.0)	(32.0, 295761.0)	(33.0, 364008.0)	(34.0, 488242.0)	(35.0, 711972.0)	(36.0, 1156913.0)	(37.0, 2277321.0)	(38.0, 5835066.0)	(39.0, 54062923.0)	(40.0, 36178058.0)					
CHa_47_T0_B_TWS042_10_LPART26_1	(12.0, 1.0)	(13.0, 11.0)	(14.0, 86.0)	(15.0, 288.0)	(16.0, 645.0)	(17.0, 1319.0)	(18.0, 2431.0)	(19.0, 4031.0)	(20.0, 5985.0)	(21.0, 7768.0)	(22.0, 9813.0)	(23.0, 12434.0)	(24.0, 14822.0)	(25.0, 18366.0)	(26.0, 22589.0)	(27.0, 26427.0)	(28.0, 32819.0)	(29.0, 38315.0)	(30.0, 48065.0)	(31.0, 58833.0)	(32.0, 77649.0)	(33.0, 109340.0)	(34.0, 155809.0)	(35.0, 240510.0)	(36.0, 377584.0)	(37.0, 788108.0)	(38.0, 2019478.0)	(39.0, 13095764.0)	(40.0, 3114269.0)								
CHa_47_T0_B_TWS042_10_LPART26_2	(10.0, 30.0)	(11.0, 270.0)	(12.0, 1327.0)	(13.0, 4802.0)	(14.0, 11098.0)	(15.0, 14696.0)	(16.0, 14982.0)	(17.0, 14475.0)	(18.0, 14310.0)	(19.0, 15448.0)	(20.0, 17060.0)	(21.0, 19187.0)	(22.0, 21634.0)	(23.0, 24203.0)	(24.0, 27115.0)	(25.0, 30758.0)	(26.0, 34707.0)	(27.0, 39038.0)	(28.0, 45369.0)	(29.0, 52555.0)	(30.0, 63190.0)	(31.0, 74883.0)	(32.0, 97239.0)	(33.0, 123347.0)	(34.0, 172401.0)	(35.0, 255404.0)	(36.0, 414413.0)	(37.0, 845282.0)	(38.0, 2143259.0)	(39.0, 12647355.0)	(40.0, 3043722.0)						
CHa_47_T0_B_TWS042_10_LPART27_1	(12.0, 42.0)	(13.0, 1282.0)	(14.0, 8955.0)	(15.0, 22018.0)	(16.0, 26329.0)	(17.0, 29153.0)	(18.0, 41329.0)	(19.0, 60842.0)	(20.0, 85581.0)	(21.0, 108359.0)	(22.0, 136948.0)	(23.0, 169335.0)	(24.0, 199950.0)	(25.0, 246405.0)	(26.0, 292974.0)	(27.0, 347762.0)	(28.0, 424006.0)	(29.0, 490047.0)	(30.0, 613530.0)	(31.0, 736311.0)	(32.0, 989856.0)	(33.0, 1404768.0)	(34.0, 2035593.0)	(35.0, 3049427.0)	(36.0, 4891163.0)	(37.0, 10117198.0)	(38.0, 26869843.0)	(39.0, 186525239.0)	(40.0, 47424486.0)								
CHa_47_T0_B_TWS042_10_LPART27_2	(9.0, 1.0)	(10.0, 271.0)	(11.0, 3591.0)	(12.0, 21368.0)	(13.0, 86494.0)	(14.0, 213267.0)	(15.0, 294421.0)	(16.0, 290403.0)	(17.0, 262388.0)	(18.0, 250658.0)	(19.0, 258747.0)	(20.0, 283750.0)	(21.0, 307943.0)	(22.0, 341655.0)	(23.0, 380503.0)	(24.0, 414837.0)	(25.0, 468778.0)	(26.0, 516293.0)	(27.0, 579596.0)	(28.0, 662250.0)	(29.0, 741713.0)	(30.0, 897431.0)	(31.0, 1033141.0)	(32.0, 1323194.0)	(33.0, 1649216.0)	(34.0, 2279339.0)	(35.0, 3386806.0)	(36.0, 5579747.0)	(37.0, 11577342.0)	(38.0, 30194650.0)	(39.0, 178458798.0)	(40.0, 44590140.0)					
CHa_47_T0_B_TWS042_10_LPART28_1	(12.0, 34.0)	(13.0, 1088.0)	(14.0, 7303.0)	(15.0, 18004.0)	(16.0, 19547.0)	(17.0, 20839.0)	(18.0, 33096.0)	(19.0, 54201.0)	(20.0, 80480.0)	(21.0, 106682.0)	(22.0, 132198.0)	(23.0, 164093.0)	(24.0, 195446.0)	(25.0, 239053.0)	(26.0, 289816.0)	(27.0, 341473.0)	(28.0, 418943.0)	(29.0, 488040.0)	(30.0, 607838.0)	(31.0, 735539.0)	(32.0, 982318.0)	(33.0, 1421069.0)	(34.0, 2074891.0)	(35.0, 3118838.0)	(36.0, 4964320.0)	(37.0, 10368097.0)	(38.0, 28423155.0)	(39.0, 241568504.0)	(40.0, 75277353.0)								
CHa_47_T0_B_TWS042_10_LPART28_2	(9.0, 3.0)	(10.0, 341.0)	(11.0, 3644.0)	(12.0, 19300.0)	(13.0, 78736.0)	(14.0, 197123.0)	(15.0, 255508.0)	(16.0, 237946.0)	(17.0, 211518.0)	(18.0, 203476.0)	(19.0, 216143.0)	(20.0, 242946.0)	(21.0, 272280.0)	(22.0, 307602.0)	(23.0, 348350.0)	(24.0, 386180.0)	(25.0, 436630.0)	(26.0, 486753.0)	(27.0, 553621.0)	(28.0, 636122.0)	(29.0, 725217.0)	(30.0, 876711.0)	(31.0, 1027646.0)	(32.0, 1324415.0)	(33.0, 1674689.0)	(34.0, 2338232.0)	(35.0, 3491007.0)	(36.0, 5828906.0)	(37.0, 12205472.0)	(38.0, 33131763.0)	(39.0, 230718688.0)	(40.0, 73715290.0)					
CHa_47_T0_B_TWS042_10_LPART29_1	(12.0, 24.0)	(13.0, 529.0)	(14.0, 3827.0)	(15.0, 9124.0)	(16.0, 10747.0)	(17.0, 13549.0)	(18.0, 21659.0)	(19.0, 34823.0)	(20.0, 51514.0)	(21.0, 67857.0)	(22.0, 85287.0)	(23.0, 106872.0)	(24.0, 126601.0)	(25.0, 154861.0)	(26.0, 186890.0)	(27.0, 216310.0)	(28.0, 263296.0)	(29.0, 303118.0)	(30.0, 373023.0)	(31.0, 448047.0)	(32.0, 586311.0)	(33.0, 845673.0)	(34.0, 1237502.0)	(35.0, 1832930.0)	(36.0, 2840210.0)	(37.0, 5793231.0)	(38.0, 15642070.0)	(39.0, 152703691.0)	(40.0, 57087088.0)								
CHa_47_T0_B_TWS042_10_LPART29_2	(9.0, 1.0)	(10.0, 132.0)	(11.0, 1949.0)	(12.0, 11749.0)	(13.0, 51422.0)	(14.0, 124850.0)	(15.0, 154207.0)	(16.0, 141218.0)	(17.0, 125150.0)	(18.0, 120287.0)	(19.0, 126221.0)	(20.0, 142537.0)	(21.0, 159926.0)	(22.0, 179303.0)	(23.0, 205368.0)	(24.0, 226427.0)	(25.0, 255152.0)	(26.0, 284975.0)	(27.0, 320303.0)	(28.0, 370725.0)	(29.0, 420247.0)	(30.0, 507000.0)	(31.0, 591971.0)	(32.0, 756707.0)	(33.0, 953465.0)	(34.0, 1315500.0)	(35.0, 1963377.0)	(36.0, 3272741.0)	(37.0, 6906466.0)	(38.0, 19080721.0)	(39.0, 149155179.0)	(40.0, 53121388.0)					
CHa_47_T0_B_TWS042_10_LPART2_1	(12.0, 18.0)	(13.0, 374.0)	(14.0, 4042.0)	(15.0, 14997.0)	(16.0, 19755.0)	(17.0, 16389.0)	(18.0, 20956.0)	(19.0, 34204.0)	(20.0, 52231.0)	(21.0, 71380.0)	(22.0, 91323.0)	(23.0, 114883.0)	(24.0, 137509.0)	(25.0, 169118.0)	(26.0, 202849.0)	(27.0, 236828.0)	(28.0, 286866.0)	(29.0, 332228.0)	(30.0, 400763.0)	(31.0, 480647.0)	(32.0, 619947.0)	(33.0, 898891.0)	(34.0, 1310161.0)	(35.0, 1909422.0)	(36.0, 2867234.0)	(37.0, 5681732.0)	(38.0, 13813868.0)	(39.0, 159052683.0)	(40.0, 95965481.0)								
CHa_47_T0_B_TWS042_10_LPART2_2	(9.0, 28.0)	(10.0, 1227.0)	(11.0, 9715.0)	(12.0, 32782.0)	(13.0, 81265.0)	(14.0, 165660.0)	(15.0, 227556.0)	(16.0, 231475.0)	(17.0, 213700.0)	(18.0, 213065.0)	(19.0, 226521.0)	(20.0, 251085.0)	(21.0, 276609.0)	(22.0, 306921.0)	(23.0, 338407.0)	(24.0, 367648.0)	(25.0, 405575.0)	(26.0, 438211.0)	(27.0, 482144.0)	(28.0, 535593.0)	(29.0, 592967.0)	(30.0, 683221.0)	(31.0, 779019.0)	(32.0, 940845.0)	(33.0, 1149742.0)	(34.0, 1520141.0)	(35.0, 2194907.0)	(36.0, 3481211.0)	(37.0, 6897640.0)	(38.0, 17130808.0)	(39.0, 153653929.0)	(40.0, 90977162.0)					
CHa_47_T0_B_TWS042_10_LPART30_1	(12.0, 8.0)	(13.0, 211.0)	(14.0, 1621.0)	(15.0, 4511.0)	(16.0, 5307.0)	(17.0, 5017.0)	(18.0, 6108.0)	(19.0, 8816.0)	(20.0, 11980.0)	(21.0, 14879.0)	(22.0, 19168.0)	(23.0, 23595.0)	(24.0, 27862.0)	(25.0, 33404.0)	(26.0, 40007.0)	(27.0, 46111.0)	(28.0, 54748.0)	(29.0, 62135.0)	(30.0, 74473.0)	(31.0, 87750.0)	(32.0, 110710.0)	(33.0, 154057.0)	(34.0, 220862.0)	(35.0, 319153.0)	(36.0, 460925.0)	(37.0, 872092.0)	(38.0, 1969068.0)	(39.0, 21082133.0)	(40.0, 13973402.0)								
CHa_47_T0_B_TWS042_10_LPART30_2	(8.0, 1.0)	(9.0, 1.0)	(10.0, 100.0)	(11.0, 620.0)	(12.0, 2284.0)	(13.0, 7076.0)	(14.0, 19042.0)	(15.0, 28605.0)	(16.0, 27306.0)	(17.0, 23372.0)	(18.0, 21534.0)	(19.0, 23100.0)	(20.0, 25510.0)	(21.0, 28395.0)	(22.0, 32141.0)	(23.0, 35977.0)	(24.0, 39726.0)	(25.0, 44092.0)	(26.0, 48225.0)	(27.0, 53657.0)	(28.0, 59795.0)	(29.0, 67394.0)	(30.0, 79759.0)	(31.0, 92759.0)	(32.0, 114813.0)	(33.0, 144799.0)	(34.0, 198539.0)	(35.0, 290431.0)	(36.0, 467886.0)	(37.0, 900378.0)	(38.0, 2229388.0)	(39.0, 20412005.0)	(40.0, 14171403.0)				
CHa_47_T0_B_TWS042_10_LPART31_1	(12.0, 1.0)	(13.0, 53.0)	(14.0, 513.0)	(15.0, 1648.0)	(16.0, 2442.0)	(17.0, 3446.0)	(18.0, 5760.0)	(19.0, 10047.0)	(20.0, 14850.0)	(21.0, 19980.0)	(22.0, 25885.0)	(23.0, 32559.0)	(24.0, 39080.0)	(25.0, 47981.0)	(26.0, 58671.0)	(27.0, 68574.0)	(28.0, 82856.0)	(29.0, 95429.0)	(30.0, 115907.0)	(31.0, 139306.0)	(32.0, 178149.0)	(33.0, 251651.0)	(34.0, 382505.0)	(35.0, 545177.0)	(36.0, 795003.0)	(37.0, 1532515.0)	(38.0, 3562503.0)	(39.0, 40910127.0)	(40.0, 27124910.0)								
CHa_47_T0_B_TWS042_10_LPART31_2	(9.0, 1.0)	(10.0, 134.0)	(11.0, 1190.0)	(12.0, 4095.0)	(13.0, 11067.0)	(14.0, 27352.0)	(15.0, 39523.0)	(16.0, 37719.0)	(17.0, 34336.0)	(18.0, 33343.0)	(19.0, 35194.0)	(20.0, 39528.0)	(21.0, 44790.0)	(22.0, 50907.0)	(23.0, 57624.0)	(24.0, 63913.0)	(25.0, 71055.0)	(26.0, 78089.0)	(27.0, 86855.0)	(28.0, 98671.0)	(29.0, 112302.0)	(30.0, 133251.0)	(31.0, 158145.0)	(32.0, 198848.0)	(33.0, 251230.0)	(34.0, 351947.0)	(35.0, 512189.0)	(36.0, 842108.0)	(37.0, 1643015.0)	(38.0, 4129449.0)	(39.0, 39255811.0)	(40.0, 27643847.0)					
CHa_47_T0_B_TWS042_10_LPART32_1	(12.0, 68.0)	(13.0, 2609.0)	(14.0, 29630.0)	(15.0, 107734.0)	(16.0, 138700.0)	(17.0, 92731.0)	(18.0, 83541.0)	(19.0, 117433.0)	(20.0, 167295.0)	(21.0, 219521.0)	(22.0, 279307.0)	(23.0, 349623.0)	(24.0, 418233.0)	(25.0, 511164.0)	(26.0, 609196.0)	(27.0, 710099.0)	(28.0, 854092.0)	(29.0, 978993.0)	(30.0, 1187356.0)	(31.0, 1404408.0)	(32.0, 1774462.0)	(33.0, 2481524.0)	(34.0, 3687242.0)	(35.0, 5439033.0)	(36.0, 7932020.0)	(37.0, 14879624.0)	(38.0, 33162924.0)	(39.0, 355240342.0)	(40.0, 253147349.0)								
CHa_47_T0_B_TWS042_10_LPART32_2	(9.0, 15.0)	(10.0, 743.0)	(11.0, 6576.0)	(12.0, 25731.0)	(13.0, 92130.0)	(14.0, 275310.0)	(15.0, 432514.0)	(16.0, 415652.0)	(17.0, 325437.0)	(18.0, 296314.0)	(19.0, 319380.0)	(20.0, 367985.0)	(21.0, 423978.0)	(22.0, 488582.0)	(23.0, 555026.0)	(24.0, 614700.0)	(25.0, 687086.0)	(26.0, 755517.0)	(27.0, 843142.0)	(28.0, 951788.0)	(29.0, 1076685.0)	(30.0, 1272298.0)	(31.0, 1494251.0)	(32.0, 1886726.0)	(33.0, 2403434.0)	(34.0, 3353481.0)	(35.0, 5013307.0)	(36.0, 8285016.0)	(37.0, 15984379.0)	(38.0, 38940643.0)	(39.0, 348614018.0)	(40.0, 249804409.0)					
CHa_47_T0_B_TWS042_10_LPART33_1	(11.0, 1.0)	(12.0, 83.0)	(13.0, 1985.0)	(14.0, 19436.0)	(15.0, 60321.0)	(16.0, 74576.0)	(17.0, 78121.0)	(18.0, 110378.0)	(19.0, 165575.0)	(20.0, 231658.0)	(21.0, 294069.0)	(22.0, 364507.0)	(23.0, 446349.0)	(24.0, 520380.0)	(25.0, 630552.0)	(26.0, 747347.0)	(27.0, 871160.0)	(28.0, 1047442.0)	(29.0, 1197160.0)	(30.0, 1458808.0)	(31.0, 1725819.0)	(32.0, 2205657.0)	(33.0, 3025730.0)	(34.0, 4285508.0)	(35.0, 6319724.0)	(36.0, 9668258.0)	(37.0, 19622840.0)	(38.0, 49799232.0)	(39.0, 401171942.0)	(40.0, 132926282.0)							
CHa_47_T0_B_TWS042_10_LPART33_2	(9.0, 29.0)	(10.0, 1124.0)	(11.0, 9747.0)	(12.0, 38321.0)	(13.0, 129679.0)	(14.0, 324686.0)	(15.0, 449942.0)	(16.0, 440399.0)	(17.0, 393995.0)	(18.0, 383901.0)	(19.0, 417789.0)	(20.0, 478940.0)	(21.0, 544344.0)	(22.0, 617226.0)	(23.0, 695043.0)	(24.0, 764353.0)	(25.0, 855142.0)	(26.0, 944638.0)	(27.0, 1048438.0)	(28.0, 1187634.0)	(29.0, 1338612.0)	(30.0, 1585160.0)	(31.0, 1858283.0)	(32.0, 2348569.0)	(33.0, 2967408.0)	(34.0, 4101779.0)	(35.0, 5976317.0)	(36.0, 9691437.0)	(37.0, 19311515.0)	(38.0, 48981749.0)	(39.0, 385194673.0)	(40.0, 145990028.0)					
CHa_47_T0_B_TWS042_10_LPART34_1	(12.0, 36.0)	(13.0, 890.0)	(14.0, 9344.0)	(15.0, 33566.0)	(16.0, 46578.0)	(17.0, 38935.0)	(18.0, 41962.0)	(19.0, 60349.0)	(20.0, 87147.0)	(21.0, 114330.0)	(22.0, 145035.0)	(23.0, 179329.0)	(24.0, 211063.0)	(25.0, 254304.0)	(26.0, 296703.0)	(27.0, 340715.0)	(28.0, 404478.0)	(29.0, 462459.0)	(30.0, 550938.0)	(31.0, 653366.0)	(32.0, 823293.0)	(33.0, 1187633.0)	(34.0, 1756533.0)	(35.0, 2557571.0)	(36.0, 3715187.0)	(37.0, 6975863.0)	(38.0, 15750812.0)	(39.0, 164351127.0)	(40.0, 141940594.0)								
CHa_47_T0_B_TWS042_10_LPART34_2	(9.0, 9.0)	(10.0, 602.0)	(11.0, 5420.0)	(12.0, 21167.0)	(13.0, 67871.0)	(14.0, 170722.0)	(15.0, 250431.0)	(16.0, 245933.0)	(17.0, 212844.0)	(18.0, 205543.0)	(19.0, 221378.0)	(20.0, 250654.0)	(21.0, 282482.0)	(22.0, 317299.0)	(23.0, 355032.0)	(24.0, 387969.0)	(25.0, 430176.0)	(26.0, 468625.0)	(27.0, 514390.0)	(28.0, 577063.0)	(29.0, 643955.0)	(30.0, 750383.0)	(31.0, 866627.0)	(32.0, 1066811.0)	(33.0, 1334633.0)	(34.0, 1802265.0)	(35.0, 2647508.0)	(36.0, 4287719.0)	(37.0, 8297697.0)	(38.0, 20509716.0)	(39.0, 172815561.0)	(40.0, 122981655.0)					
CHa_47_T0_B_TWS042_10_LPART35_1	(11.0, 1.0)	(12.0, 34.0)	(13.0, 712.0)	(14.0, 8491.0)	(15.0, 32155.0)	(16.0, 46474.0)	(17.0, 38973.0)	(18.0, 41780.0)	(19.0, 60622.0)	(20.0, 88225.0)	(21.0, 116325.0)	(22.0, 148048.0)	(23.0, 183670.0)	(24.0, 215881.0)	(25.0, 258658.0)	(26.0, 303100.0)	(27.0, 348912.0)	(28.0, 412214.0)	(29.0, 469714.0)	(30.0, 561386.0)	(31.0, 663752.0)	(32.0, 835588.0)	(33.0, 1189790.0)	(34.0, 1764854.0)	(35.0, 2578989.0)	(36.0, 3719670.0)	(37.0, 7012998.0)	(38.0, 15923050.0)	(39.0, 168773333.0)	(40.0, 140907237.0)							
CHa_47_T0_B_TWS042_10_LPART35_2	(9.0, 33.0)	(10.0, 962.0)	(11.0, 7369.0)	(12.0, 26754.0)	(13.0, 76459.0)	(14.0, 181306.0)	(15.0, 268315.0)	(16.0, 273114.0)	(17.0, 243314.0)	(18.0, 236671.0)	(19.0, 255421.0)	(20.0, 287100.0)	(21.0, 320531.0)	(22.0, 361314.0)	(23.0, 400660.0)	(24.0, 438438.0)	(25.0, 482736.0)	(26.0, 525394.0)	(27.0, 574892.0)	(28.0, 639436.0)	(29.0, 711279.0)	(30.0, 822913.0)	(31.0, 951632.0)	(32.0, 1160986.0)	(33.0, 1445332.0)	(34.0, 1945287.0)	(35.0, 2835900.0)	(36.0, 4564810.0)	(37.0, 8758339.0)	(38.0, 21398147.0)	(39.0, 175930672.0)	(40.0, 120579120.0)					
CHa_47_T0_B_TWS042_10_LPART36_1	(12.0, 35.0)	(13.0, 1019.0)	(14.0, 9090.0)	(15.0, 29189.0)	(16.0, 42089.0)	(17.0, 41568.0)	(18.0, 50110.0)	(19.0, 72697.0)	(20.0, 101227.0)	(21.0, 130183.0)	(22.0, 159180.0)	(23.0, 194697.0)	(24.0, 229060.0)	(25.0, 277207.0)	(26.0, 329198.0)	(27.0, 381002.0)	(28.0, 455394.0)	(29.0, 518371.0)	(30.0, 620292.0)	(31.0, 736484.0)	(32.0, 929236.0)	(33.0, 1313960.0)	(34.0, 1915771.0)	(35.0, 2796394.0)	(36.0, 4091426.0)	(37.0, 7768714.0)	(38.0, 17559510.0)	(39.0, 169937839.0)	(40.0, 128914716.0)								
CHa_47_T0_B_TWS042_10_LPART36_2	(9.0, 17.0)	(10.0, 659.0)	(11.0, 5610.0)	(12.0, 22300.0)	(13.0, 72087.0)	(14.0, 179020.0)	(15.0, 255825.0)	(16.0, 249930.0)	(17.0, 221424.0)	(18.0, 216723.0)	(19.0, 233783.0)	(20.0, 264604.0)	(21.0, 294777.0)	(22.0, 331969.0)	(23.0, 369397.0)	(24.0, 404801.0)	(25.0, 450898.0)	(26.0, 494657.0)	(27.0, 546210.0)	(28.0, 617231.0)	(29.0, 691103.0)	(30.0, 813018.0)	(31.0, 947446.0)	(32.0, 1186060.0)	(33.0, 1489378.0)	(34.0, 2051573.0)	(35.0, 3007492.0)	(36.0, 4856954.0)	(37.0, 9345076.0)	(38.0, 22740115.0)	(39.0, 174810964.0)	(40.0, 112434557.0)					
CHa_47_T0_B_TWS042_10_LPART37_1	(12.0, 11.0)	(13.0, 264.0)	(14.0, 2999.0)	(15.0, 11411.0)	(16.0, 17810.0)	(17.0, 16798.0)	(18.0, 22099.0)	(19.0, 35096.0)	(20.0, 53827.0)	(21.0, 72838.0)	(22.0, 93193.0)	(23.0, 117635.0)	(24.0, 140562.0)	(25.0, 171460.0)	(26.0, 205133.0)	(27.0, 240683.0)	(28.0, 291840.0)	(29.0, 335840.0)	(30.0, 414510.0)	(31.0, 498431.0)	(32.0, 645721.0)	(33.0, 943643.0)	(34.0, 1415448.0)	(35.0, 2050642.0)	(36.0, 3113734.0)	(37.0, 5999235.0)	(38.0, 14483487.0)	(39.0, 156947239.0)	(40.0, 70318042.0)								
CHa_47_T0_B_TWS042_10_LPART37_2	(9.0, 5.0)	(10.0, 214.0)	(11.0, 2433.0)	(12.0, 11713.0)	(13.0, 46558.0)	(14.0, 121441.0)	(15.0, 159263.0)	(16.0, 147762.0)	(17.0, 131221.0)	(18.0, 128593.0)	(19.0, 137563.0)	(20.0, 158310.0)	(21.0, 176994.0)	(22.0, 199925.0)	(23.0, 226471.0)	(24.0, 249352.0)	(25.0, 280621.0)	(26.0, 310513.0)	(27.0, 345600.0)	(28.0, 393468.0)	(29.0, 438930.0)	(30.0, 519745.0)	(31.0, 600531.0)	(32.0, 750335.0)	(33.0, 938690.0)	(34.0, 1281888.0)	(35.0, 1917006.0)	(36.0, 3187028.0)	(37.0, 6672363.0)	(38.0, 18372374.0)	(39.0, 163335171.0)	(40.0, 57417550.0)					
CHa_47_T0_B_TWS042_10_LPART38_1	(11.0, 1.0)	(12.0, 10.0)	(13.0, 270.0)	(14.0, 3097.0)	(15.0, 11684.0)	(16.0, 17836.0)	(17.0, 17123.0)	(18.0, 22115.0)	(19.0, 35426.0)	(20.0, 54115.0)	(21.0, 72499.0)	(22.0, 93149.0)	(23.0, 116927.0)	(24.0, 140271.0)	(25.0, 170253.0)	(26.0, 204525.0)	(27.0, 240078.0)	(28.0, 290511.0)	(29.0, 336251.0)	(30.0, 413470.0)	(31.0, 494911.0)	(32.0, 642660.0)	(33.0, 933101.0)	(34.0, 1404165.0)	(35.0, 2049466.0)	(36.0, 3095310.0)	(37.0, 5992011.0)	(38.0, 14394061.0)	(39.0, 155564506.0)	(40.0, 72590819.0)							
CHa_47_T0_B_TWS042_10_LPART38_2	(9.0, 10.0)	(10.0, 219.0)	(11.0, 2245.0)	(12.0, 11203.0)	(13.0, 45227.0)	(14.0, 118583.0)	(15.0, 155608.0)	(16.0, 142432.0)	(17.0, 126239.0)	(18.0, 124172.0)	(19.0, 133693.0)	(20.0, 153212.0)	(21.0, 173090.0)	(22.0, 195465.0)	(23.0, 222222.0)	(24.0, 243952.0)	(25.0, 274300.0)	(26.0, 305514.0)	(27.0, 341260.0)	(28.0, 387155.0)	(29.0, 433797.0)	(30.0, 514779.0)	(31.0, 593467.0)	(32.0, 747855.0)	(33.0, 933731.0)	(34.0, 1279835.0)	(35.0, 1925638.0)	(36.0, 3206708.0)	(37.0, 6766963.0)	(38.0, 18646910.0)	(39.0, 164058091.0)	(40.0, 57137046.0)					
CHa_47_T0_B_TWS042_10_LPART39_1	(11.0, 1.0)	(12.0, 26.0)	(13.0, 695.0)	(14.0, 8172.0)	(15.0, 34620.0)	(16.0, 49214.0)	(17.0, 36340.0)	(18.0, 37893.0)	(19.0, 58155.0)	(20.0, 88925.0)	(21.0, 120213.0)	(22.0, 154019.0)	(23.0, 193566.0)	(24.0, 231107.0)	(25.0, 278883.0)	(26.0, 333234.0)	(27.0, 385125.0)	(28.0, 460751.0)	(29.0, 528559.0)	(30.0, 629461.0)	(31.0, 751239.0)	(32.0, 936343.0)	(33.0, 1333036.0)	(34.0, 1933300.0)	(35.0, 2832393.0)	(36.0, 4042817.0)	(37.0, 7633106.0)	(38.0, 17420679.0)	(39.0, 217721273.0)	(40.0, 190518911.0)							
CHa_47_T0_B_TWS042_10_LPART39_2	(9.0, 38.0)	(10.0, 1798.0)	(11.0, 11699.0)	(12.0, 36542.0)	(13.0, 88999.0)	(14.0, 202853.0)	(15.0, 293408.0)	(16.0, 294103.0)	(17.0, 259835.0)	(18.0, 253862.0)	(19.0, 274392.0)	(20.0, 307023.0)	(21.0, 343437.0)	(22.0, 383848.0)	(23.0, 426327.0)	(24.0, 463156.0)	(25.0, 512374.0)	(26.0, 558633.0)	(27.0, 609343.0)	(28.0, 681292.0)	(29.0, 756264.0)	(30.0, 874049.0)	(31.0, 1010001.0)	(32.0, 1234471.0)	(33.0, 1546851.0)	(34.0, 2080453.0)	(35.0, 3041961.0)	(36.0, 4899906.0)	(37.0, 9423341.0)	(38.0, 23246807.0)	(39.0, 221343201.0)	(40.0, 173291789.0)					
CHa_47_T0_B_TWS042_10_LPART3_1	(12.0, 20.0)	(13.0, 750.0)	(14.0, 7671.0)	(15.0, 25383.0)	(16.0, 32787.0)	(17.0, 28503.0)	(18.0, 34992.0)	(19.0, 51631.0)	(20.0, 73404.0)	(21.0, 94857.0)	(22.0, 118592.0)	(23.0, 146540.0)	(24.0, 175219.0)	(25.0, 211728.0)	(26.0, 251893.0)	(27.0, 290602.0)	(28.0, 347623.0)	(29.0, 396697.0)	(30.0, 477223.0)	(31.0, 568399.0)	(32.0, 731477.0)	(33.0, 1047134.0)	(34.0, 1512914.0)	(35.0, 2207155.0)	(36.0, 3314348.0)	(37.0, 6498681.0)	(38.0, 15732335.0)	(39.0, 165253271.0)	(40.0, 93085697.0)								
CHa_47_T0_B_TWS042_10_LPART3_2	(9.0, 16.0)	(10.0, 972.0)	(11.0, 8772.0)	(12.0, 32796.0)	(13.0, 87892.0)	(14.0, 197081.0)	(15.0, 287361.0)	(16.0, 295272.0)	(17.0, 265504.0)	(18.0, 255852.0)	(19.0, 268933.0)	(20.0, 295148.0)	(21.0, 321524.0)	(22.0, 354065.0)	(23.0, 391534.0)	(24.0, 423927.0)	(25.0, 466912.0)	(26.0, 505118.0)	(27.0, 556050.0)	(28.0, 618739.0)	(29.0, 682847.0)	(30.0, 791269.0)	(31.0, 898896.0)	(32.0, 1096391.0)	(33.0, 1338486.0)	(34.0, 1769253.0)	(35.0, 2535292.0)	(36.0, 3992766.0)	(37.0, 7785882.0)	(38.0, 18907523.0)	(39.0, 157131245.0)	(40.0, 90154208.0)					
CHa_47_T0_B_TWS042_10_LPART40_1	(11.0, 6.0)	(12.0, 72.0)	(13.0, 1490.0)	(14.0, 15745.0)	(15.0, 61173.0)	(16.0, 91456.0)	(17.0, 77374.0)	(18.0, 85860.0)	(19.0, 125944.0)	(20.0, 182286.0)	(21.0, 240298.0)	(22.0, 305092.0)	(23.0, 376648.0)	(24.0, 442893.0)	(25.0, 525878.0)	(26.0, 614227.0)	(27.0, 696614.0)	(28.0, 819445.0)	(29.0, 925169.0)	(30.0, 1086754.0)	(31.0, 1277380.0)	(32.0, 1581899.0)	(33.0, 2234862.0)	(34.0, 3238485.0)	(35.0, 4654378.0)	(36.0, 6577820.0)	(37.0, 12301492.0)	(38.0, 28913449.0)	(39.0, 357497563.0)	(40.0, 319632128.0)							
CHa_47_T0_B_TWS042_10_LPART40_2	(5.0, 1.0)	(6.0, 3.0)	(7.0, 11.0)	(8.0, 27.0)	(9.0, 161.0)	(10.0, 3128.0)	(11.0, 19096.0)	(12.0, 57587.0)	(13.0, 143628.0)	(14.0, 335848.0)	(15.0, 489873.0)	(16.0, 483370.0)	(17.0, 411481.0)	(18.0, 386908.0)	(19.0, 415765.0)	(20.0, 468231.0)	(21.0, 527821.0)	(22.0, 594863.0)	(23.0, 663900.0)	(24.0, 723825.0)	(25.0, 801330.0)	(26.0, 872453.0)	(27.0, 954324.0)	(28.0, 1068327.0)	(29.0, 1189109.0)	(30.0, 1372666.0)	(31.0, 1586097.0)	(32.0, 1924700.0)	(33.0, 2402643.0)	(34.0, 3216878.0)	(35.0, 4713386.0)	(36.0, 7647596.0)	(37.0, 14739902.0)	(38.0, 36867439.0)	(39.0, 356045013.0)	(40.0, 303456490.0)	
CHa_47_T0_B_TWS042_10_LPART41_1	(11.0, 2.0)	(12.0, 62.0)	(13.0, 1439.0)	(14.0, 16052.0)	(15.0, 62820.0)	(16.0, 95261.0)	(17.0, 77086.0)	(18.0, 77862.0)	(19.0, 110731.0)	(20.0, 160971.0)	(21.0, 210505.0)	(22.0, 267975.0)	(23.0, 331253.0)	(24.0, 390694.0)	(25.0, 464101.0)	(26.0, 542185.0)	(27.0, 618286.0)	(28.0, 726299.0)	(29.0, 822512.0)	(30.0, 970397.0)	(31.0, 1146780.0)	(32.0, 1431971.0)	(33.0, 2026520.0)	(34.0, 2961256.0)	(35.0, 4287455.0)	(36.0, 6098131.0)	(37.0, 11383059.0)	(38.0, 26364917.0)	(39.0, 319814888.0)	(40.0, 299670222.0)							
CHa_47_T0_B_TWS042_10_LPART41_2	(6.0, 2.0)	(7.0, 11.0)	(8.0, 19.0)	(9.0, 56.0)	(10.0, 1277.0)	(11.0, 9723.0)	(12.0, 34911.0)	(13.0, 104457.0)	(14.0, 276383.0)	(15.0, 420893.0)	(16.0, 416473.0)	(17.0, 348749.0)	(18.0, 329050.0)	(19.0, 354806.0)	(20.0, 404799.0)	(21.0, 461165.0)	(22.0, 521841.0)	(23.0, 588977.0)	(24.0, 645728.0)	(25.0, 718856.0)	(26.0, 786465.0)	(27.0, 868866.0)	(28.0, 973465.0)	(29.0, 1086733.0)	(30.0, 1262585.0)	(31.0, 1465010.0)	(32.0, 1792549.0)	(33.0, 2234478.0)	(34.0, 3020842.0)	(35.0, 4444162.0)	(36.0, 7196616.0)	(37.0, 13864054.0)	(38.0, 34382858.0)	(39.0, 325441076.0)	(40.0, 276673757.0)		
CHa_47_T0_B_TWS042_10_LPART4_1	(11.0, 1.0)	(12.0, 66.0)	(13.0, 1576.0)	(14.0, 14008.0)	(15.0, 49956.0)	(16.0, 74356.0)	(17.0, 70881.0)	(18.0, 89651.0)	(19.0, 135696.0)	(20.0, 195719.0)	(21.0, 254400.0)	(22.0, 316101.0)	(23.0, 392139.0)	(24.0, 462200.0)	(25.0, 560138.0)	(26.0, 671105.0)	(27.0, 783634.0)	(28.0, 952468.0)	(29.0, 1098413.0)	(30.0, 1347586.0)	(31.0, 1621410.0)	(32.0, 2081353.0)	(33.0, 2909082.0)	(34.0, 4198412.0)	(35.0, 6382203.0)	(36.0, 9974525.0)	(37.0, 20719641.0)	(38.0, 49193157.0)	(39.0, 317233337.0)	(40.0, 182696173.0)							
CHa_47_T0_B_TWS042_10_LPART4_2	(9.0, 13.0)	(10.0, 701.0)	(11.0, 6807.0)	(12.0, 28072.0)	(13.0, 101513.0)	(14.0, 258603.0)	(15.0, 363318.0)	(16.0, 360536.0)	(17.0, 317329.0)	(18.0, 304510.0)	(19.0, 332315.0)	(20.0, 387273.0)	(21.0, 447022.0)	(22.0, 509889.0)	(23.0, 580820.0)	(24.0, 643366.0)	(25.0, 721375.0)	(26.0, 802349.0)	(27.0, 896710.0)	(28.0, 1025739.0)	(29.0, 1164168.0)	(30.0, 1398148.0)	(31.0, 1662035.0)	(32.0, 2115327.0)	(33.0, 2683230.0)	(34.0, 3709935.0)	(35.0, 5454541.0)	(36.0, 8941583.0)	(37.0, 18176872.0)	(38.0, 46418205.0)	(39.0, 322500868.0)	(40.0, 182166215.0)					
CHa_47_T0_B_TWS042_10_LPART5_1	(11.0, 1.0)	(12.0, 64.0)	(13.0, 1824.0)	(14.0, 20263.0)	(15.0, 80360.0)	(16.0, 135980.0)	(17.0, 125983.0)	(18.0, 128459.0)	(19.0, 176910.0)	(20.0, 246429.0)	(21.0, 312643.0)	(22.0, 387509.0)	(23.0, 472284.0)	(24.0, 551801.0)	(25.0, 665791.0)	(26.0, 787113.0)	(27.0, 924564.0)	(28.0, 1115824.0)	(29.0, 1289116.0)	(30.0, 1589320.0)	(31.0, 1903939.0)	(32.0, 2500602.0)	(33.0, 3548526.0)	(34.0, 5211142.0)	(35.0, 7871275.0)	(36.0, 12741194.0)	(37.0, 26718524.0)	(38.0, 68653944.0)	(39.0, 408935050.0)	(40.0, 162308235.0)							
CHa_47_T0_B_TWS042_10_LPART5_2	(9.0, 1.0)	(10.0, 56.0)	(11.0, 1594.0)	(12.0, 15114.0)	(13.0, 94880.0)	(14.0, 304419.0)	(15.0, 470441.0)	(16.0, 476642.0)	(17.0, 414590.0)	(18.0, 393279.0)	(19.0, 420209.0)	(20.0, 477282.0)	(21.0, 538550.0)	(22.0, 612723.0)	(23.0, 695695.0)	(24.0, 770750.0)	(25.0, 875659.0)	(26.0, 976055.0)	(27.0, 1109365.0)	(28.0, 1283162.0)	(29.0, 1483457.0)	(30.0, 1796391.0)	(31.0, 2137028.0)	(32.0, 2730569.0)	(33.0, 3454668.0)	(34.0, 4808838.0)	(35.0, 7097098.0)	(36.0, 11756700.0)	(37.0, 23671690.0)	(38.0, 63131943.0)	(39.0, 414904868.0)	(40.0, 162500953.0)					
CHa_47_T0_B_TWS042_10_LPART6_1	(11.0, 5.0)	(12.0, 75.0)	(13.0, 2270.0)	(14.0, 24237.0)	(15.0, 100037.0)	(16.0, 150395.0)	(17.0, 103460.0)	(18.0, 81354.0)	(19.0, 113748.0)	(20.0, 171702.0)	(21.0, 232562.0)	(22.0, 293902.0)	(23.0, 361251.0)	(24.0, 423104.0)	(25.0, 502590.0)	(26.0, 592753.0)	(27.0, 678017.0)	(28.0, 806310.0)	(29.0, 923794.0)	(30.0, 1099659.0)	(31.0, 1313827.0)	(32.0, 1667384.0)	(33.0, 2404285.0)	(34.0, 3502909.0)	(35.0, 5124327.0)	(36.0, 7584059.0)	(37.0, 13537210.0)	(38.0, 31539543.0)	(39.0, 339125254.0)	(40.0, 335261499.0)							
CHa_47_T0_B_TWS042_10_LPART6_2	(9.0, 31.0)	(10.0, 1356.0)	(11.0, 11444.0)	(12.0, 43095.0)	(13.0, 132510.0)	(14.0, 343472.0)	(15.0, 517012.0)	(16.0, 504419.0)	(17.0, 415053.0)	(18.0, 385058.0)	(19.0, 409430.0)	(20.0, 463957.0)	(21.0, 525845.0)	(22.0, 591788.0)	(23.0, 664304.0)	(24.0, 727300.0)	(25.0, 799301.0)	(26.0, 871021.0)	(27.0, 960650.0)	(28.0, 1078927.0)	(29.0, 1213601.0)	(30.0, 1417408.0)	(31.0, 1654958.0)	(32.0, 2048229.0)	(33.0, 2548263.0)	(34.0, 3486919.0)	(35.0, 5077487.0)	(36.0, 8155586.0)	(37.0, 15781603.0)	(38.0, 39792580.0)	(39.0, 364737349.0)	(40.0, 292361566.0)					
CHa_47_T0_B_TWS042_10_LPART7_1	(10.0, 1.0)	(11.0, 2.0)	(12.0, 124.0)	(13.0, 3436.0)	(14.0, 36123.0)	(15.0, 135382.0)	(16.0, 187408.0)	(17.0, 127307.0)	(18.0, 98645.0)	(19.0, 129805.0)	(20.0, 184478.0)	(21.0, 240999.0)	(22.0, 299639.0)	(23.0, 364599.0)	(24.0, 426512.0)	(25.0, 507615.0)	(26.0, 595888.0)	(27.0, 683955.0)	(28.0, 808396.0)	(29.0, 924937.0)	(30.0, 1097032.0)	(31.0, 1307238.0)	(32.0, 1662664.0)	(33.0, 2381711.0)	(34.0, 3469764.0)	(35.0, 4978895.0)	(36.0, 7344220.0)	(37.0, 12959721.0)	(38.0, 29910363.0)	(39.0, 336443090.0)	(40.0, 272320762.0)						
CHa_47_T0_B_TWS042_10_LPART7_2	(9.0, 29.0)	(10.0, 1395.0)	(11.0, 11820.0)	(12.0, 45548.0)	(13.0, 144438.0)	(14.0, 377443.0)	(15.0, 584116.0)	(16.0, 574754.0)	(17.0, 472382.0)	(18.0, 429788.0)	(19.0, 447946.0)	(20.0, 497496.0)	(21.0, 554210.0)	(22.0, 618800.0)	(23.0, 690105.0)	(24.0, 748713.0)	(25.0, 820441.0)	(26.0, 892449.0)	(27.0, 978536.0)	(28.0, 1098431.0)	(29.0, 1231519.0)	(30.0, 1443125.0)	(31.0, 1675935.0)	(32.0, 2066043.0)	(33.0, 2542129.0)	(34.0, 3440315.0)	(35.0, 4952690.0)	(36.0, 7879822.0)	(37.0, 15093882.0)	(38.0, 37960406.0)	(39.0, 342216257.0)	(40.0, 249139748.0)					
CHa_47_T0_B_TWS042_10_LPART8_1	(12.0, 1.0)	(13.0, 16.0)	(14.0, 223.0)	(15.0, 871.0)	(16.0, 1399.0)	(17.0, 1616.0)	(18.0, 2250.0)	(19.0, 3570.0)	(20.0, 5417.0)	(21.0, 7414.0)	(22.0, 9352.0)	(23.0, 11812.0)	(24.0, 13927.0)	(25.0, 16287.0)	(26.0, 19071.0)	(27.0, 21920.0)	(28.0, 25939.0)	(29.0, 29742.0)	(30.0, 36123.0)	(31.0, 43515.0)	(32.0, 56588.0)	(33.0, 81539.0)	(34.0, 111690.0)	(35.0, 154443.0)	(36.0, 267036.0)	(37.0, 515932.0)	(38.0, 1311472.0)	(39.0, 16663485.0)	(40.0, 7107221.0)								
CHa_47_T0_B_TWS042_10_LPART8_2	(10.0, 24.0)	(11.0, 289.0)	(12.0, 1451.0)	(13.0, 5379.0)	(14.0, 13195.0)	(15.0, 19108.0)	(16.0, 19126.0)	(17.0, 17955.0)	(18.0, 17515.0)	(19.0, 18403.0)	(20.0, 20873.0)	(21.0, 22705.0)	(22.0, 24699.0)	(23.0, 27230.0)	(24.0, 29306.0)	(25.0, 32651.0)	(26.0, 34972.0)	(27.0, 38308.0)	(28.0, 42990.0)	(29.0, 46461.0)	(30.0, 54387.0)	(31.0, 60849.0)	(32.0, 74758.0)	(33.0, 91381.0)	(34.0, 123177.0)	(35.0, 177495.0)	(36.0, 290142.0)	(37.0, 597330.0)	(38.0, 1621725.0)	(39.0, 16513883.0)	(40.0, 6482104.0)						
CHa_47_T0_B_TWS042_10_LPART9_1	(11.0, 2.0)	(12.0, 80.0)	(13.0, 2113.0)	(14.0, 20512.0)	(15.0, 79631.0)	(16.0, 126762.0)	(17.0, 103597.0)	(18.0, 88258.0)	(19.0, 115054.0)	(20.0, 161780.0)	(21.0, 208770.0)	(22.0, 253851.0)	(23.0, 305330.0)	(24.0, 356059.0)	(25.0, 426062.0)	(26.0, 509123.0)	(27.0, 582852.0)	(28.0, 688173.0)	(29.0, 784819.0)	(30.0, 920004.0)	(31.0, 1089263.0)	(32.0, 1357792.0)	(33.0, 1955078.0)	(34.0, 2852805.0)	(35.0, 4086627.0)	(36.0, 5730345.0)	(37.0, 10719023.0)	(38.0, 24321028.0)	(39.0, 316934925.0)	(40.0, 282292932.0)							
CHa_47_T0_B_TWS042_10_LPART9_2	(5.0, 1.0)	(6.0, 1.0)	(7.0, 11.0)	(8.0, 23.0)	(9.0, 59.0)	(10.0, 1022.0)	(11.0, 8072.0)	(12.0, 31301.0)	(13.0, 104537.0)	(14.0, 288593.0)	(15.0, 457860.0)	(16.0, 477045.0)	(17.0, 400506.0)	(18.0, 364437.0)	(19.0, 379064.0)	(20.0, 424054.0)	(21.0, 474798.0)	(22.0, 528994.0)	(23.0, 589958.0)	(24.0, 643813.0)	(25.0, 710686.0)	(26.0, 776794.0)	(27.0, 853545.0)	(28.0, 953206.0)	(29.0, 1066647.0)	(30.0, 1240685.0)	(31.0, 1436389.0)	(32.0, 1758796.0)	(33.0, 2182020.0)	(34.0, 2949872.0)	(35.0, 4288751.0)	(36.0, 7267678.0)	(37.0, 13218705.0)	(38.0, 32541767.0)	(39.0, 309634608.0)	(40.0, 271018352.0)	
