Sample	0	1	2	3	4	5	6	7	8	9	10	11	12	13	14	15
CHa_47_T0_B_TWS042_10_LPART10_1	(1.0, 47.36694143146254)	(2.0, 25.36134881957691)	(3.0, 12.824710929746091)	(4.0, 6.300860294674145)	(5.0, 3.197695911320407)	(6.0, 1.6644972071844604)	(7.0, 0.9393567569274168)	(8.0, 0.6432964664880203)	(9.0, 0.3621962788706151)	('>10', 1.2594950470331692)	('>50', 0.06835392016351222)	('>100', 0.01012806557856624)	('>500', 0.0)	('>1k', 0.0011188709741796021)	('>5k', 0.0)	('>10k+', 0.0)
CHa_47_T0_B_TWS042_10_LPART10_2	(1.0, 47.79530040957914)	(2.0, 25.087955584769333)	(3.0, 12.414712187368412)	(4.0, 6.197416310751871)	(5.0, 3.0895099938195942)	(6.0, 1.6612686006871769)	(7.0, 0.9073053157715777)	(8.0, 0.5800459547512122)	(9.0, 0.37412516566735926)	('>10', 1.2316544598333785)	('>50', 0.05899971895293383)	('>100', 0.021156731017457825)	('>500', 0.00634385005744082)	('>1k', 0.01997609434395725)	('>5k', 0.0015228794003416684)	('>10k+', 0.552706743228795)
CHa_47_T0_B_TWS042_10_LPART11_1	(1.0, 70.77456831257727)	(2.0, 19.197220626757392)	(3.0, 6.092920084051274)	(4.0, 2.093232791981011)	(5.0, 0.8813129100322413)	(6.0, 0.41078564016762903)	(7.0, 0.20648215691241714)	(8.0, 0.11832627699063286)	(9.0, 0.05216586287246184)	('>10', 0.17195688406333448)	('>50', 0.001028453594311276)	('>100', 0.0)	('>500', 0.0)	('>1k', 0.0)	('>5k', 0.0)	('>10k+', 0.0)
CHa_47_T0_B_TWS042_10_LPART11_2	(1.0, 70.71585620412694)	(2.0, 18.887167057486984)	(3.0, 5.930726523156679)	(4.0, 2.0636496384521763)	(5.0, 0.848107506342477)	(6.0, 0.3943579231229444)	(7.0, 0.18630351029272887)	(8.0, 0.09767637363513573)	(9.0, 0.055838722426192464)	('>10', 0.1899187552347562)	('>50', 0.0)	('>100', 0.011049415134423304)	('>500', 0.014420444479127398)	('>1k', 0.006403844508261695)	('>5k', 0.0)	('>10k+', 0.5985240816011735)
CHa_47_T0_B_TWS042_10_LPART12_1	(1.0, 61.6826437955777)	(2.0, 22.22013819060379)	(3.0, 8.769228039955026)	(4.0, 3.619653716154753)	(5.0, 1.627073238796578)	(6.0, 0.7866783527092112)	(7.0, 0.4104370875924742)	(8.0, 0.24731347211709181)	(9.0, 0.14120757962280778)	('>10', 0.4803919359392666)	('>50', 0.012146092654483687)	('>100', 0.003088498276822689)	('>500', 0.0)	('>1k', 0.0)	('>5k', 0.0)	('>10k+', 0.0)
CHa_47_T0_B_TWS042_10_LPART12_2	(1.0, 61.23300818978995)	(2.0, 22.147928953622138)	(3.0, 8.779402752317173)	(4.0, 3.5866950829146345)	(5.0, 1.6250379437555182)	(6.0, 0.7693871738510687)	(7.0, 0.42807712843013)	(8.0, 0.24594536214799934)	(9.0, 0.15337356556184123)	('>10', 0.4389282320893331)	('>50', 0.012091356808100412)	('>100', 0.005441891811726876)	('>500', 0.004514280170317274)	('>1k', 0.023153873879280723)	('>5k', 0.0)	('>10k+', 0.5470142128507925)
CHa_47_T0_B_TWS042_10_LPART13_1	(1.0, 50.38545240605949)	(2.0, 24.37256093455978)	(3.0, 12.176901851574538)	(4.0, 5.766958055289588)	(5.0, 2.933757445987709)	(6.0, 1.5615468945341973)	(7.0, 0.8563787404282878)	(8.0, 0.5102726278149198)	(9.0, 0.3272049245515954)	('>10', 1.0554059644405844)	('>50', 0.037236036330148437)	('>100', 0.015196477404051705)	('>500', 0.0)	('>1k', 0.0011276410251261802)	('>5k', 0.0)	('>10k+', 0.0)
CHa_47_T0_B_TWS042_10_LPART13_2	(1.0, 49.377780348642055)	(2.0, 24.45743795891931)	(3.0, 12.259628279351269)	(4.0, 5.8995798389562335)	(5.0, 2.84234552652869)	(6.0, 1.5339958213052547)	(7.0, 0.8231716248160008)	(8.0, 0.5422114330133424)	(9.0, 0.34760357811166703)	('>10', 1.0684005914110923)	('>50', 0.03994791784348569)	('>100', 0.018125090358206693)	('>500', 0.0010850074615794529)	('>1k', 0.025952017846385293)	('>5k', 0.03172405941105457)	('>10k+', 0.7310109060243579)
CHa_47_T0_B_TWS042_10_LPART14_1	(1.0, 53.47557722698956)	(2.0, 25.014939334284342)	(3.0, 11.14707617338389)	(4.0, 4.864951089860316)	(5.0, 2.2936753509456205)	(6.0, 1.1074356315449847)	(7.0, 0.6253078300972228)	(8.0, 0.35621058767624286)	(9.0, 0.24316780491485768)	('>10', 0.8212771544134402)	('>50', 0.040241207220021676)	('>100', 0.010140608669495907)	('>500', 0.0)	('>1k', 0.0)	('>5k', 0.0)	('>10k+', 0.0)
CHa_47_T0_B_TWS042_10_LPART14_2	(1.0, 52.907075792566836)	(2.0, 24.913846559390194)	(3.0, 11.220204099619991)	(4.0, 4.942355450931593)	(5.0, 2.272355239027591)	(6.0, 1.1338016649471176)	(7.0, 0.6202181388595864)	(8.0, 0.33055029532751545)	(9.0, 0.2339970464416267)	('>10', 0.84610430324259)	('>50', 0.037044305740133655)	('>100', 0.014173002907646193)	('>500', 0.007471505073767329)	('>1k', 0.023197757835564426)	('>5k', 0.011578653802561002)	('>10k+', 0.48602618428565236)
CHa_47_T0_B_TWS042_10_LPART15_1	(1.0, 60.110323258474416)	(2.0, 23.33000216772364)	(3.0, 9.019076304355515)	(4.0, 3.6925413484324023)	(5.0, 1.6630054280877886)	(6.0, 0.8356615941969338)	(7.0, 0.44943989851294935)	(8.0, 0.25629879138789424)	(9.0, 0.14519641724250376)	('>10', 0.48627880502789333)	('>50', 0.010131562830250903)	('>100', 0.0020444237278178577)	('>500', 0.0)	('>1k', 0.0)	('>5k', 0.0)	('>10k+', 0.0)
CHa_47_T0_B_TWS042_10_LPART15_2	(1.0, 60.160882398993785)	(2.0, 22.972223522053067)	(3.0, 8.818641352266603)	(4.0, 3.6548451998106355)	(5.0, 1.561547010674423)	(6.0, 0.8147000104838457)	(7.0, 0.40146397234947045)	(8.0, 0.22263557853583396)	(9.0, 0.16004929256755657)	('>10', 0.45692561956120653)	('>50', 0.014071870526444135)	('>100', 0.001011508666066257)	('>500', 0.009273052634769413)	('>1k', 0.040201984401385685)	('>5k', 0.0029138667052227337)	('>10k+', 0.7086137597696532)
CHa_47_T0_B_TWS042_10_LPART16_1	(1.0, 72.99043453988895)	(2.0, 18.611798313702604)	(3.0, 5.339231575186126)	(4.0, 1.6821530639988196)	(5.0, 0.6185894444018096)	(6.0, 0.28134329644030126)	(7.0, 0.1321966331758497)	(8.0, 0.07212655028203585)	(9.0, 0.06012154128666425)	('>10', 0.20881454377239692)	('>50', 0.0010133267292838487)	('>100', 0.0021771711351175295)	('>500', 0.0)	('>1k', 0.0)	('>5k', 0.0)	('>10k+', 0.0)
CHa_47_T0_B_TWS042_10_LPART16_2	(1.0, 73.0498109182305)	(2.0, 18.2539024492408)	(3.0, 5.230036877136151)	(4.0, 1.668399526576504)	(5.0, 0.6001468225340219)	(6.0, 0.26525224089422206)	(7.0, 0.1466260565039185)	(8.0, 0.07882015694101219)	(9.0, 0.06486940799296036)	('>10', 0.21902753002923064)	('>50', 0.004051359092993323)	('>100', 0.002092172413080026)	('>500', 0.009425771960876768)	('>1k', 0.008627610892249372)	('>5k', 0.0)	('>10k+', 0.39891109956145177)
CHa_47_T0_B_TWS042_10_LPART17_1	(1.0, 47.04725360918153)	(2.0, 25.92738604249938)	(3.0, 13.08170010501026)	(4.0, 6.196809970909671)	(5.0, 3.130650829762068)	(6.0, 1.6244630752088638)	(7.0, 0.8963246752790353)	(8.0, 0.5312334173764653)	(9.0, 0.3061581422274459)	('>10', 1.1523364839441406)	('>50', 0.08741812881209574)	('>100', 0.01717266754547455)	('>500', 0.0)	('>1k', 0.0010928522435335517)	('>5k', 0.0)	('>10k+', 0.0)
CHa_47_T0_B_TWS042_10_LPART17_2	(1.0, 47.14351067555007)	(2.0, 25.7950236164579)	(3.0, 12.918900147591597)	(4.0, 6.116758551294339)	(5.0, 3.014345684158571)	(6.0, 1.5630043747491207)	(7.0, 0.8586741420914173)	(8.0, 0.4945469839399661)	(9.0, 0.3194403552326428)	('>10', 1.1381652898316548)	('>50', 0.0509847103651212)	('>100', 0.02414579693656877)	('>500', 0.005250140130547039)	('>1k', 0.018884735820980922)	('>5k', 0.0018506332269797024)	('>10k+', 0.5365141626224692)
CHa_47_T0_B_TWS042_10_LPART18_1	(1.0, 50.24651472524456)	(2.0, 26.05661923607595)	(3.0, 11.952955393267295)	(4.0, 5.465953589600183)	(5.0, 2.5836949584368005)	(6.0, 1.2804654301860814)	(7.0, 0.6623033216238507)	(8.0, 0.4112271876838748)	(9.0, 0.2751780219304185)	('>10', 0.989449696221942)	('>50', 0.058356629847143064)	('>100', 0.01621792988843376)	('>500', 0.0010638799934638823)	('>1k', 0.0)	('>5k', 0.0)	('>10k+', 0.0)
CHa_47_T0_B_TWS042_10_LPART18_2	(1.0, 50.15850394260182)	(2.0, 25.77325990736017)	(3.0, 11.905956740205369)	(4.0, 5.367133117961761)	(5.0, 2.499929263408165)	(6.0, 1.309232049941399)	(7.0, 0.6760532223267602)	(8.0, 0.373853059526654)	(9.0, 0.24959043287578628)	('>10', 0.9624138545505673)	('>50', 0.06600707653785425)	('>100', 0.017092230686291045)	('>500', 0.0032007752055098243)	('>1k', 0.010412889098588942)	('>5k', 0.0)	('>10k+', 0.6273614377132738)
CHa_47_T0_B_TWS042_10_LPART19_1	(1.0, 69.98905643615363)	(2.0, 20.192935574610303)	(3.0, 6.158538337728858)	(4.0, 2.0889928841867267)	(5.0, 0.7630172941004433)	(6.0, 0.3325694648756652)	(7.0, 0.16233948328534273)	(8.0, 0.07618817540657126)	(9.0, 0.051145681740460504)	('>10', 0.18200269186979243)	('>50', 0.0010196942586480882)	('>100', 0.0021942817835577133)	('>500', 0.0)	('>1k', 0.0)	('>5k', 0.0)	('>10k+', 0.0)
CHa_47_T0_B_TWS042_10_LPART19_2	(1.0, 69.89655001887633)	(2.0, 19.89910472839174)	(3.0, 6.008585871651551)	(4.0, 1.9830700940117203)	(5.0, 0.7302541684565358)	(6.0, 0.3254548816672534)	(7.0, 0.16826538124239324)	(8.0, 0.08466267878886025)	(9.0, 0.05280972907947106)	('>10', 0.1788578901508793)	('>50', 0.0)	('>100', 0.01648475037109196)	('>500', 0.013635381866874872)	('>1k', 0.004529822444551886)	('>5k', 0.0)	('>10k+', 0.6377346030007714)
CHa_47_T0_B_TWS042_10_LPART1_1	(1.0, 48.9781352412519)	(2.0, 24.5563670335352)	(3.0, 12.30283878883749)	(4.0, 6.075985046313544)	(5.0, 3.0977931969468693)	(6.0, 1.7766217669874862)	(7.0, 0.9794347504963411)	(8.0, 0.5783110010193017)	(9.0, 0.35122185231826647)	('>10', 1.2186189340113707)	('>50', 0.0744411603571325)	('>100', 0.009102008896001757)	('>500', 0.0)	('>1k', 0.0011292190290873813)	('>5k', 0.0)	('>10k+', 0.0)
CHa_47_T0_B_TWS042_10_LPART1_2	(1.0, 47.987681145557225)	(2.0, 24.712543232132532)	(3.0, 12.301326380771384)	(4.0, 6.193452606064658)	(5.0, 3.1148968753526054)	(6.0, 1.729447153528694)	(7.0, 0.9855101495110682)	(8.0, 0.6001050354362233)	(9.0, 0.36168676551769396)	('>10', 1.2111184124699375)	('>50', 0.05696436137575645)	('>100', 0.009048623592570896)	('>500', 0.0)	('>1k', 0.0312668854448669)	('>5k', 0.019503535992863343)	('>10k+', 0.6854488372518935)
CHa_47_T0_B_TWS042_10_LPART20_1	(1.0, 50.29869803397406)	(2.0, 25.01658220318939)	(3.0, 11.913857768220243)	(4.0, 5.663910107359806)	(5.0, 2.8167023804722198)	(6.0, 1.4044747539401878)	(7.0, 0.8613675333848017)	(8.0, 0.5062608923296567)	(9.0, 0.3081861343121564)	('>10', 1.143494624016581)	('>50', 0.058324928410812125)	('>100', 0.007081986033691449)	('>500', 0.0010586543565033518)	('>1k', 0.0)	('>5k', 0.0)	('>10k+', 0.0)
CHa_47_T0_B_TWS042_10_LPART20_2	(1.0, 51.053514338680394)	(2.0, 24.40476213840499)	(3.0, 11.564735576738164)	(4.0, 5.4682108691549605)	(5.0, 2.706507713674185)	(6.0, 1.4418754035796078)	(7.0, 0.783654317054923)	(8.0, 0.4783898645739888)	(9.0, 0.2794999875352818)	('>10', 1.1287860366646911)	('>50', 0.06400174222654977)	('>100', 0.010087974866397568)	('>500', 0.0021372036473195364)	('>1k', 0.019930261796423022)	('>5k', 0.001516513972639018)	('>10k+', 0.5923900574293782)
CHa_47_T0_B_TWS042_10_LPART21_1	(1.0, 50.50434304368624)	(2.0, 25.554622639622654)	(3.0, 11.634959454388778)	(4.0, 5.641013579189006)	(5.0, 2.68374308820302)	(6.0, 1.402524652311647)	(7.0, 0.7823686963560392)	(8.0, 0.4832747046550003)	(9.0, 0.27518315576568964)	('>10', 0.9703606790869654)	('>50', 0.05332701357704875)	('>100', 0.013186053762378512)	('>500', 0.0010932393954877567)	('>1k', 0.0)	('>5k', 0.0)	('>10k+', 0.0)
CHa_47_T0_B_TWS042_10_LPART21_2	(1.0, 50.87263978343199)	(2.0, 25.139796686341032)	(3.0, 11.394876672435524)	(4.0, 5.423773940519369)	(5.0, 2.619245249635567)	(6.0, 1.319687508396954)	(7.0, 0.7374272917764827)	(8.0, 0.45124606030172804)	(9.0, 0.3200779153015634)	('>10', 0.9778978507454585)	('>50', 0.03797846016074123)	('>100', 0.015110407243833605)	('>500', 0.005388046461306566)	('>1k', 0.02187897594042396)	('>5k', 0.003848610382768904)	('>10k+', 0.6591265409253245)
CHa_47_T0_B_TWS042_10_LPART22_1	(1.0, 51.85823395242426)	(2.0, 25.147789907001233)	(3.0, 11.557091751012415)	(4.0, 5.219029568554361)	(5.0, 2.5797740975088304)	(6.0, 1.2875186666159648)	(7.0, 0.721364726244055)	(8.0, 0.425258708535772)	(9.0, 0.2661892848924976)	('>10', 0.8823742552901872)	('>50', 0.05233200702448926)	('>100', 0.0030430748959560474)	('>500', 0.0)	('>1k', 0.0)	('>5k', 0.0)	('>10k+', 0.0)
CHa_47_T0_B_TWS042_10_LPART22_2	(1.0, 52.43063935425607)	(2.0, 24.78675172358645)	(3.0, 11.188884248136398)	(4.0, 4.99455760242946)	(5.0, 2.461743122349308)	(6.0, 1.2220491454328024)	(7.0, 0.6712514795310329)	(8.0, 0.41572147326588677)	(9.0, 0.25065213487985954)	('>10', 0.896979802546277)	('>50', 0.03701182656728593)	('>100', 0.013110420956892146)	('>500', 0.006423799943398814)	('>1k', 0.018081386074307353)	('>5k', 0.003922859153526158)	('>10k+', 0.6022196208911117)
CHa_47_T0_B_TWS042_10_LPART23_1	(1.0, 45.318186434609174)	(2.0, 24.89918536546868)	(3.0, 13.306542577399355)	(4.0, 6.905789059574668)	(5.0, 3.67869063272269)	(6.0, 1.9575113208954518)	(7.0, 1.1013685988156683)	(8.0, 0.7272968316503946)	(9.0, 0.46822548772474476)	('>10', 1.5306074242117536)	('>50', 0.08640794506067721)	('>100', 0.020188321866710598)	('>500', 0.0)	('>1k', 0.0)	('>5k', 0.0)	('>10k+', 0.0)
CHa_47_T0_B_TWS042_10_LPART23_2	(1.0, 45.82643263396752)	(2.0, 24.619111452662434)	(3.0, 12.934059127460687)	(4.0, 6.801937356017309)	(5.0, 3.427061048372477)	(6.0, 1.9412826938069023)	(7.0, 1.0914926985059934)	(8.0, 0.6471894627302051)	(9.0, 0.4652948607630854)	('>10', 1.4991218665046813)	('>50', 0.07690125007986676)	('>100', 0.024116107962354215)	('>500', 0.00319178667359676)	('>1k', 0.014756638856696955)	('>5k', 0.0014491959655668985)	('>10k+', 0.6266018196706056)
CHa_47_T0_B_TWS042_10_LPART24_1	(1.0, 59.430553496444574)	(2.0, 22.866690554108054)	(3.0, 9.12484762277661)	(4.0, 4.119543702098335)	(5.0, 1.918049040083291)	(6.0, 0.9366735577911727)	(7.0, 0.5444852565691429)	(8.0, 0.30732678254934176)	(9.0, 0.1752164541020796)	('>10', 0.5614219752951738)	('>50', 0.012136337536745319)	('>100', 0.0030552206454791883)	('>500', 0.0)	('>1k', 0.0)	('>5k', 0.0)	('>10k+', 0.0)
CHa_47_T0_B_TWS042_10_LPART24_2	(1.0, 59.22409656968865)	(2.0, 22.769349469537026)	(3.0, 9.102150575554337)	(4.0, 4.000783023297821)	(5.0, 1.8375736376483498)	(6.0, 0.9333738176764367)	(7.0, 0.47970553475418265)	(8.0, 0.29862341434556494)	(9.0, 0.1592932933404965)	('>10', 0.5831374038004739)	('>50', 0.020116220492841955)	('>100', 0.0031267819639002664)	('>500', 0.00448197663481695)	('>1k', 0.02502650941074279)	('>5k', 0.0028234708814613967)	('>10k+', 0.5563383009729328)
CHa_47_T0_B_TWS042_10_LPART25_1	(1.0, 68.46976467017754)	(2.0, 20.393817378144394)	(3.0, 6.571167014002639)	(4.0, 2.3547468042935003)	(5.0, 0.9852100990635791)	(6.0, 0.41720773920745724)	(7.0, 0.2378433414731923)	(8.0, 0.1275351616533427)	(9.0, 0.0894333965881931)	('>10', 0.32920189119133536)	('>50', 0.021881170716054065)	('>100', 0.0021913334887885124)	('>500', 0.0)	('>1k', 0.0)	('>5k', 0.0)	('>10k+', 0.0)
CHa_47_T0_B_TWS042_10_LPART25_2	(1.0, 68.42306608678206)	(2.0, 20.01853155316547)	(3.0, 6.359699144938767)	(4.0, 2.2710301350204762)	(5.0, 0.9219343324786035)	(6.0, 0.41200652572284774)	(7.0, 0.21908360183117154)	(8.0, 0.11858166086705198)	(9.0, 0.08176505513433593)	('>10', 0.344649064394507)	('>50', 0.0238143776544107)	('>100', 0.027745728038752072)	('>500', 0.014433069860668016)	('>1k', 0.0052318322141918115)	('>5k', 0.0)	('>10k+', 0.7584278318966351)
CHa_47_T0_B_TWS042_10_LPART26_1	(1.0, 87.673993187339)	(2.0, 10.216499025181207)	(3.0, 1.5989967537337415)	(4.0, 0.39604653027774056)	(5.0, 0.0848805411928107)	(6.0, 0.016211490991961407)	(7.0, 0.006095751879184984)	(8.0, 0.00407481604663541)	(9.0, 0.0010214542821649064)	('>10', 0.0010242094578030727)	('>50', 0.0011562396177851888)	('>100', 0.0)	('>500', 0.0)	('>1k', 0.0)	('>5k', 0.0)	('>10k+', 0.0)
CHa_47_T0_B_TWS042_10_LPART26_2	(1.0, 87.24951419421271)	(2.0, 10.13994784656721)	(3.0, 1.5964555458181595)	(4.0, 0.341810237664365)	(5.0, 0.07437724836576957)	(6.0, 0.01713302056035465)	(7.0, 0.005052782136199947)	(8.0, 0.0010132930158863584)	(9.0, 0.0)	('>10', 0.01086021730687127)	('>50', 0.008686631886381047)	('>100', 0.031101149814009816)	('>500', 0.0)	('>1k', 0.0)	('>5k', 0.0)	('>10k+', 0.524047832652099)
CHa_47_T0_B_TWS042_10_LPART27_1	(1.0, 65.42803549160857)	(2.0, 21.79162322032665)	(3.0, 7.483025314345074)	(4.0, 2.753285149213966)	(5.0, 1.1287481715201806)	(6.0, 0.5104383876175264)	(7.0, 0.27228721028361186)	(8.0, 0.16320412203481477)	(9.0, 0.0931347263421468)	('>10', 0.36507686848890303)	('>50', 0.011141338218564693)	('>100', 0.0)	('>500', 0.0)	('>1k', 0.0)	('>5k', 0.0)	('>10k+', 0.0)
CHa_47_T0_B_TWS042_10_LPART27_2	(1.0, 65.38174793586316)	(2.0, 21.480918740744645)	(3.0, 7.306139705521092)	(4.0, 2.6846789895363496)	(5.0, 1.0657316543581623)	(6.0, 0.48325309473902167)	(7.0, 0.2516194361850268)	(8.0, 0.17606872265151227)	(9.0, 0.08456938078901774)	('>10', 0.3886365230180536)	('>50', 0.0140769230811508)	('>100', 0.0020971185724842113)	('>500', 0.01041361302269821)	('>1k', 0.028022636219611284)	('>5k', 0.0029074333831375257)	('>10k+', 0.6391180923148495)
CHa_47_T0_B_TWS042_10_LPART28_1	(1.0, 58.81349721659799)	(2.0, 23.882706198446574)	(3.0, 9.411756940317462)	(4.0, 3.9403544880521806)	(5.0, 1.7298662955351218)	(6.0, 0.8435548857354239)	(7.0, 0.4023278040141561)	(8.0, 0.24323635510494623)	(9.0, 0.16418530246787802)	('>10', 0.5553493451812449)	('>50', 0.011114027278285903)	('>100', 0.002051141268700124)	('>500', 0.0)	('>1k', 0.0)	('>5k', 0.0)	('>10k+', 0.0)
CHa_47_T0_B_TWS042_10_LPART28_2	(1.0, 58.78136592829867)	(2.0, 23.70441471994694)	(3.0, 9.22674852142572)	(4.0, 3.9109799730444137)	(5.0, 1.6485077305689342)	(6.0, 0.8238853777561443)	(7.0, 0.43641903841783586)	(8.0, 0.2551160789346044)	(9.0, 0.16545284481508754)	('>10', 0.544849978428148)	('>50', 0.02514004031142914)	('>100', 0.007231166999309134)	('>500', 0.006567874625117013)	('>1k', 0.02663739452419485)	('>5k', 0.002607771281733561)	('>10k+', 0.43407556062177444)
CHa_47_T0_B_TWS042_10_LPART29_1	(1.0, 61.007726774314605)	(2.0, 23.62982695826345)	(3.0, 8.861006748149082)	(4.0, 3.3820334129566754)	(5.0, 1.4842810302354312)	(6.0, 0.666749958842114)	(7.0, 0.3314595486276939)	(8.0, 0.19031363496177656)	(9.0, 0.09718557089411521)	('>10', 0.34128556079206696)	('>50', 0.00813080196295755)	('>100', 0.0)	('>500', 0.0)	('>1k', 0.0)	('>5k', 0.0)	('>10k+', 0.0)
CHa_47_T0_B_TWS042_10_LPART29_2	(1.0, 61.04171401124806)	(2.0, 23.33646092531749)	(3.0, 8.711017084923812)	(4.0, 3.3331087954311354)	(5.0, 1.4985981540521938)	(6.0, 0.6647785303811018)	(7.0, 0.28512215736622487)	(8.0, 0.19046363858875504)	(9.0, 0.1027376667840154)	('>10', 0.35276365134256155)	('>50', 0.00808963130083226)	('>100', 0.005472391600023022)	('>500', 0.014733604453727452)	('>1k', 0.018078973712045848)	('>5k', 0.0)	('>10k+', 0.4368607834980257)
CHa_47_T0_B_TWS042_10_LPART2_1	(1.0, 64.0071348734295)	(2.0, 21.9604368542791)	(3.0, 7.7300817510502995)	(4.0, 3.1124725909263895)	(5.0, 1.379934064744943)	(6.0, 0.6695896409995858)	(7.0, 0.3253527653429167)	(8.0, 0.21727982467625553)	(9.0, 0.13019417126662444)	('>10', 0.45536513602671363)	('>50', 0.012158327257652238)	('>100', 0.0)	('>500', 0.0)	('>1k', 0.0)	('>5k', 0.0)	('>10k+', 0.0)
CHa_47_T0_B_TWS042_10_LPART2_2	(1.0, 63.95819861391829)	(2.0, 21.47117196339002)	(3.0, 7.47122280569538)	(4.0, 3.043537070667695)	(5.0, 1.2830016371945774)	(6.0, 0.5990544669205862)	(7.0, 0.3169199915985647)	(8.0, 0.1921719966628875)	(9.0, 0.11988433868114563)	('>10', 0.40885806994960944)	('>50', 0.013025179353845714)	('>100', 0.0010193813259359755)	('>500', 0.018118162315308342)	('>1k', 0.04787638722007659)	('>5k', 0.002758366569734302)	('>10k+', 1.0531815685363506)
CHa_47_T0_B_TWS042_10_LPART30_1	(1.0, 84.27761766817876)	(2.0, 12.032286291179961)	(3.0, 2.586484270920436)	(4.0, 0.6886907961636218)	(5.0, 0.2442958997791535)	(6.0, 0.0825530666983053)	(7.0, 0.04032631312678614)	(8.0, 0.018172300642160043)	(9.0, 0.011120868055085236)	('>10', 0.017325535290275976)	('>50', 0.001126989965426589)	('>100', 0.0)	('>500', 0.0)	('>1k', 0.0)	('>5k', 0.0)	('>10k+', 0.0)
CHa_47_T0_B_TWS042_10_LPART30_2	(1.0, 84.11014676756055)	(2.0, 11.848384586898531)	(3.0, 2.5395186840165405)	(4.0, 0.6617636324814696)	(5.0, 0.2362475018366968)	(6.0, 0.07718909953311624)	(7.0, 0.04316616291538786)	(8.0, 0.01608438374148908)	(9.0, 0.008053480224592456)	('>10', 0.01641809854041212)	('>50', 0.002196457545258812)	('>100', 0.014048172123126184)	('>500', 0.004350733567048611)	('>1k', 0.0)	('>5k', 0.0)	('>10k+', 0.42243223901578636)
CHa_47_T0_B_TWS042_10_LPART31_1	(1.0, 84.76462631801866)	(2.0, 11.788470464928087)	(3.0, 2.3569298874145876)	(4.0, 0.6161933606837936)	(5.0, 0.24965649538805584)	(6.0, 0.07625330446039091)	(7.0, 0.04718939595420707)	(8.0, 0.029137076354880095)	(9.0, 0.014075938275400957)	('>10', 0.057467758521984644)	('>50', 0.0)	('>100', 0.0)	('>500', 0.0)	('>1k', 0.0)	('>5k', 0.0)	('>10k+', 0.0)
CHa_47_T0_B_TWS042_10_LPART31_2	(1.0, 84.32799119064816)	(2.0, 11.873284658494752)	(3.0, 2.312878560383724)	(4.0, 0.6417491881455007)	(5.0, 0.21473113416252956)	(6.0, 0.08495278415311588)	(7.0, 0.04300601568381324)	(8.0, 0.028023396849283053)	(9.0, 0.014021442761852016)	('>10', 0.05329611080876995)	('>50', 0.003117388288919423)	('>100', 0.012933348405764914)	('>500', 0.0017395637787268354)	('>1k', 0.004263826150795295)	('>5k', 0.0)	('>10k+', 0.3840113912842698)
CHa_47_T0_B_TWS042_10_LPART32_1	(1.0, 49.23912952159462)	(2.0, 24.8595088916455)	(3.0, 12.303730789089494)	(4.0, 6.070841044987106)	(5.0, 2.9486418392566867)	(6.0, 1.6084773942852282)	(7.0, 0.8843324352072949)	(8.0, 0.5362440049042334)	(9.0, 0.30116085810562726)	('>10', 1.1694003125212233)	('>50', 0.060304881078556284)	('>100', 0.018228027324498915)	('>500', 0.0)	('>1k', 0.0)	('>5k', 0.0)	('>10k+', 0.0)
CHa_47_T0_B_TWS042_10_LPART32_2	(1.0, 48.7641630718979)	(2.0, 24.77898434406174)	(3.0, 12.371048244077839)	(4.0, 6.077418063009466)	(5.0, 2.980163708310201)	(6.0, 1.578386349626001)	(7.0, 0.9267775759577256)	(8.0, 0.5461444890902701)	(9.0, 0.3418657122524896)	('>10', 1.1689431064642664)	('>50', 0.054070234913716514)	('>100', 0.015174556770011012)	('>500', 0.0020807526068559274)	('>1k', 0.008306382382270792)	('>5k', 0.0018241448365760844)	('>10k+', 0.38464926374266395)
CHa_47_T0_B_TWS042_10_LPART33_1	(1.0, 53.70764816049003)	(2.0, 22.923766332332033)	(3.0, 11.112880700935087)	(4.0, 5.431916274763526)	(5.0, 2.7417076509208638)	(6.0, 1.4525047710058365)	(7.0, 0.762333077566946)	(8.0, 0.46724591577236185)	(9.0, 0.35421808811930006)	('>10', 0.9742983338855735)	('>50', 0.06034533852889443)	('>100', 0.011135355679614288)	('>500', 0.0)	('>1k', 0.0)	('>5k', 0.0)	('>10k+', 0.0)
CHa_47_T0_B_TWS042_10_LPART33_2	(1.0, 51.183325295594464)	(2.0, 23.742096753312232)	(3.0, 11.579689587688948)	(4.0, 5.708797052874788)	(5.0, 2.783525121327975)	(6.0, 1.538140399178396)	(7.0, 0.8537148396047992)	(8.0, 0.506503414177266)	(9.0, 0.3214446249329631)	('>10', 1.130329367661734)	('>50', 0.06703328455094001)	('>100', 0.019112555952212434)	('>500', 0.0021470824089229712)	('>1k', 0.023150275592080594)	('>5k', 0.003311864938127063)	('>10k+', 0.5376784802041312)
CHa_47_T0_B_TWS042_10_LPART34_1	(1.0, 61.85954319744225)	(2.0, 23.067004206713005)	(3.0, 8.520768714514112)	(4.0, 3.265213299471253)	(5.0, 1.4347683963959201)	(6.0, 0.6354444865737491)	(7.0, 0.36631627317790255)	(8.0, 0.18418920864097216)	(9.0, 0.1351609873968284)	('>10', 0.5052881926740279)	('>50', 0.023237774421118965)	('>100', 0.003065262578855042)	('>500', 0.0)	('>1k', 0.0)	('>5k', 0.0)	('>10k+', 0.0)
CHa_47_T0_B_TWS042_10_LPART34_2	(1.0, 61.81135140277887)	(2.0, 22.554419532898194)	(3.0, 8.42270624539691)	(4.0, 3.2046876400666493)	(5.0, 1.4035841098231117)	(6.0, 0.6264548296617971)	(7.0, 0.3415782509022549)	(8.0, 0.18770028552362852)	(9.0, 0.1291272311974207)	('>10', 0.4824520330998175)	('>50', 0.018034817437999534)	('>100', 0.004062257123922357)	('>500', 0.008879777175593311)	('>1k', 0.01675018201567757)	('>5k', 0.0020897967712399674)	('>10k+', 0.7861216081269236)
CHa_47_T0_B_TWS042_10_LPART35_1	(1.0, 62.914700095327746)	(2.0, 22.34899691213886)	(3.0, 8.327708907075449)	(4.0, 3.182163952001961)	(5.0, 1.3667193122209331)	(6.0, 0.6694597872363961)	(7.0, 0.33228153105203284)	(8.0, 0.19819972497596644)	(9.0, 0.14516957113537354)	('>10', 0.492200084533251)	('>50', 0.019199297359423315)	('>100', 0.002082400048141787)	('>500', 0.0011184248944623295)	('>1k', 0.0)	('>5k', 0.0)	('>10k+', 0.0)
CHa_47_T0_B_TWS042_10_LPART35_2	(1.0, 62.801431943220784)	(2.0, 21.87724448816075)	(3.0, 8.136084142511631)	(4.0, 3.1559024255025867)	(5.0, 1.3047686073351894)	(6.0, 0.6044320485883339)	(7.0, 0.2983005575971494)	(8.0, 0.19724707107770262)	(9.0, 0.11598805391950363)	('>10', 0.48342853760783505)	('>50', 0.010999625672183062)	('>100', 0.004045115909893595)	('>500', 0.012287954546983695)	('>1k', 0.019801771105879686)	('>5k', 0.0021778928825594546)	('>10k+', 0.9758597643610619)
CHa_47_T0_B_TWS042_10_LPART36_1	(1.0, 64.28516780999624)	(2.0, 22.20517432761332)	(3.0, 7.878670406300797)	(4.0, 2.898075514855162)	(5.0, 1.166618514184007)	(6.0, 0.5333676004640113)	(7.0, 0.29324873431898063)	(8.0, 0.15515626792376036)	(9.0, 0.11012842000471161)	('>10', 0.44911528742688256)	('>50', 0.02324307822004534)	('>100', 0.0020340386921224984)	('>500', 0.0)	('>1k', 0.0)	('>5k', 0.0)	('>10k+', 0.0)
CHa_47_T0_B_TWS042_10_LPART36_2	(1.0, 64.16671680775146)	(2.0, 21.93488738043082)	(3.0, 7.681960966455183)	(4.0, 2.798491694004068)	(5.0, 1.132690530670862)	(6.0, 0.5028357821874812)	(7.0, 0.3041349429305706)	(8.0, 0.16501454037593385)	(9.0, 0.1103586383417835)	('>10', 0.4698563039007648)	('>50', 0.019086815984225795)	('>100', 0.005106179319591986)	('>500', 0.003268602255083515)	('>1k', 0.012340259465374573)	('>5k', 0.002819394577951777)	('>10k+', 0.6904311613488465)
CHa_47_T0_B_TWS042_10_LPART37_1	(1.0, 68.59824367800906)	(2.0, 20.662015066303397)	(3.0, 6.578026426850216)	(4.0, 2.221151746557425)	(5.0, 0.8276032833924579)	(6.0, 0.3893657351167245)	(7.0, 0.20523594098169573)	(8.0, 0.1201634039639191)	(9.0, 0.08713680726860759)	('>10', 0.3019263984434726)	('>50', 0.007084840919133646)	('>100', 0.0020466721939238187)	('>500', 0.0)	('>1k', 0.0)	('>5k', 0.0)	('>10k+', 0.0)
CHa_47_T0_B_TWS042_10_LPART37_2	(1.0, 68.43864837248414)	(2.0, 20.53742152074276)	(3.0, 6.4684546549337485)	(4.0, 2.212440896434631)	(5.0, 0.838690988058962)	(6.0, 0.3890112726834923)	(7.0, 0.20352573841208957)	(8.0, 0.10577587406702903)	(9.0, 0.064876243255262)	('>10', 0.35990244612430927)	('>50', 0.006056823775602151)	('>100', 0.006298319890910878)	('>500', 0.011728644245756616)	('>1k', 0.015347433634416124)	('>5k', 0.0)	('>10k+', 0.3418207712569109)
CHa_47_T0_B_TWS042_10_LPART38_1	(1.0, 69.00920629597233)	(2.0, 20.21696282405271)	(3.0, 6.529004759078787)	(4.0, 2.2601684208747885)	(5.0, 0.8346066009580924)	(6.0, 0.41038436626976393)	(7.0, 0.21024100598426027)	(8.0, 0.11115072088173511)	(9.0, 0.08413171816747779)	('>10', 0.3250304181979218)	('>50', 0.009112869562106397)	('>100', 0.0)	('>500', 0.0)	('>1k', 0.0)	('>5k', 0.0)	('>10k+', 0.0)
CHa_47_T0_B_TWS042_10_LPART38_2	(1.0, 68.77025164427364)	(2.0, 20.3158689075955)	(3.0, 6.414157870293076)	(4.0, 2.201653358319279)	(5.0, 0.8327748995213938)	(6.0, 0.4020105673723638)	(7.0, 0.18857559761500292)	(8.0, 0.11775977166310829)	(9.0, 0.06787582369696755)	('>10', 0.31995654008273416)	('>50', 0.00605937354362719)	('>100', 0.006416308052731721)	('>500', 0.009521232083931784)	('>1k', 0.013070953215503552)	('>5k', 0.0)	('>10k+', 0.3340471526711628)
CHa_47_T0_B_TWS042_10_LPART39_1	(1.0, 55.67106109246416)	(2.0, 24.152110129385285)	(3.0, 10.300377558058228)	(4.0, 4.491180709490409)	(5.0, 2.237877313692732)	(6.0, 1.1305891968680415)	(7.0, 0.5853806327669084)	(8.0, 0.3402651682340795)	(9.0, 0.2562327475118019)	('>10', 0.7895156280013329)	('>50', 0.040330314597482944)	('>100', 0.0050795089295503585)	('>500', 0.0)	('>1k', 0.0)	('>5k', 0.0)	('>10k+', 0.0)
CHa_47_T0_B_TWS042_10_LPART39_2	(1.0, 55.71725225020563)	(2.0, 23.622911144737095)	(3.0, 10.148101035900838)	(4.0, 4.497506096690843)	(5.0, 2.1582088478306227)	(6.0, 1.1149872804526024)	(7.0, 0.5908311006952534)	(8.0, 0.34759270216443205)	(9.0, 0.22944088326761788)	('>10', 0.7387364685666408)	('>50', 0.036030964473554396)	('>100', 0.007056390686185499)	('>500', 0.008782489008942823)	('>1k', 0.01995200510915119)	('>5k', 0.0025150349068389383)	('>10k+', 0.7600953053037897)
CHa_47_T0_B_TWS042_10_LPART3_1	(1.0, 59.59302045992981)	(2.0, 23.659078901728524)	(3.0, 9.089350552183587)	(4.0, 3.729758758912325)	(5.0, 1.6881554237372947)	(6.0, 0.858770533007828)	(7.0, 0.47352561936592086)	(8.0, 0.2543364141517351)	(9.0, 0.14722604404296386)	('>10', 0.49462179107070176)	('>50', 0.012155501869305611)	('>100', 0.0)	('>500', 0.0)	('>1k', 0.0)	('>5k', 0.0)	('>10k+', 0.0)
CHa_47_T0_B_TWS042_10_LPART3_2	(1.0, 59.50711319281392)	(2.0, 23.243895953809353)	(3.0, 8.759719318115062)	(4.0, 3.547156646385843)	(5.0, 1.6745513324516434)	(6.0, 0.8211303579827767)	(7.0, 0.42351645434667884)	(8.0, 0.2365467122445249)	(9.0, 0.10988400591449266)	('>10', 0.4590424795592668)	('>50', 0.014017975221123873)	('>100', 0.003101020999293946)	('>500', 0.010472957608424049)	('>1k', 0.04897741240759094)	('>5k', 0.002865320005124619)	('>10k+', 1.1380088601348965)
CHa_47_T0_B_TWS042_10_LPART40_1	(1.0, 46.23708882878486)	(2.0, 24.976222599803112)	(3.0, 12.836564274750813)	(4.0, 6.676794771490917)	(5.0, 3.463672312152847)	(6.0, 1.9505250136900774)	(7.0, 1.122386347000145)	(8.0, 0.6952915118765848)	(9.0, 0.43821661249535526)	('>10', 1.5026237382515173)	('>50', 0.0784048832843696)	('>100', 0.022209106419385415)	('>500', 0.0)	('>1k', 0.0)	('>5k', 0.0)	('>10k+', 0.0)
CHa_47_T0_B_TWS042_10_LPART40_2	(1.0, 46.3132333021577)	(2.0, 24.84143019906021)	(3.0, 12.704005962687734)	(4.0, 6.487703995880365)	(5.0, 3.3311027014250856)	(6.0, 1.9480960045508084)	(7.0, 1.1148443454453822)	(8.0, 0.6643818929369488)	(9.0, 0.4267085244521057)	('>10', 1.4401564478598379)	('>50', 0.1009142723847259)	('>100', 0.02611250049144522)	('>500', 0.0031837767410366692)	('>1k', 0.013927715661359927)	('>5k', 0.00184658732285036)	('>10k+', 0.5823517709423739)
CHa_47_T0_B_TWS042_10_LPART41_1	(1.0, 49.27981596605291)	(2.0, 24.520439204594418)	(3.0, 11.831703344459925)	(4.0, 5.9778473779492325)	(5.0, 3.202717572929607)	(6.0, 1.6825154225684793)	(7.0, 1.0454062664561303)	(8.0, 0.6292963304751722)	(9.0, 0.43323964820447863)	('>10', 1.323546391284667)	('>50', 0.05829925935869278)	('>100', 0.015173215666307251)	('>500', 0.0)	('>1k', 0.0)	('>5k', 0.0)	('>10k+', 0.0)
CHa_47_T0_B_TWS042_10_LPART41_2	(1.0, 49.30968852318022)	(2.0, 24.20047147654111)	(3.0, 11.857598073989259)	(4.0, 5.910392260388205)	(5.0, 3.075288582369689)	(6.0, 1.6760312450126078)	(7.0, 0.9609375084890688)	(8.0, 0.5959099739726056)	(9.0, 0.38901504811921234)	('>10', 1.3469894944726308)	('>50', 0.07198547933007778)	('>100', 0.021126852967276937)	('>500', 0.007453656415446249)	('>1k', 0.013813225752972851)	('>5k', 0.0018881018242448962)	('>10k+', 0.5614104971754286)
CHa_47_T0_B_TWS042_10_LPART4_1	(1.0, 47.6822060095282)	(2.0, 26.08139654089106)	(3.0, 12.697955199583019)	(4.0, 6.134064714008707)	(5.0, 3.0318243845542727)	(6.0, 1.533567778786168)	(7.0, 0.8393932931277542)	(8.0, 0.532301731108811)	(9.0, 0.31621032004717986)	('>10', 1.0886103731230774)	('>50', 0.050310048119254915)	('>100', 0.012159607122492502)	('>500', 0.0)	('>1k', 0.0)	('>5k', 0.0)	('>10k+', 0.0)
CHa_47_T0_B_TWS042_10_LPART4_2	(1.0, 47.49767769396821)	(2.0, 25.96557905622927)	(3.0, 12.718254364117495)	(4.0, 5.986880331220973)	(5.0, 3.020122494842176)	(6.0, 1.4917867109003284)	(7.0, 0.8654808613768401)	(8.0, 0.5269096279889111)	(9.0, 0.2978478155584932)	('>10', 1.074613107139288)	('>50', 0.06713402899262129)	('>100', 0.01713196095500983)	('>500', 0.0021180457032731097)	('>1k', 0.016189257505947796)	('>5k', 0.00375759793805564)	('>10k+', 0.4485170455631403)
CHa_47_T0_B_TWS042_10_LPART5_1	(1.0, 47.956959577424854)	(2.0, 25.066409190313205)	(3.0, 12.721737283499237)	(4.0, 6.296878226644645)	(5.0, 3.1466953468236567)	(6.0, 1.7205204138406875)	(7.0, 0.9543664420012874)	(8.0, 0.5552584415620749)	(9.0, 0.35919644992044025)	('>10', 1.1333114378421278)	('>50', 0.06635897921222542)	('>100', 0.0212481341277724)	('>500', 0.0010600767878483626)	('>1k', 0.0)	('>5k', 0.0)	('>10k+', 0.0)
CHa_47_T0_B_TWS042_10_LPART5_2	(1.0, 46.85558557598319)	(2.0, 25.396667693966325)	(3.0, 12.848810365752128)	(4.0, 6.403508395264304)	(5.0, 3.1586711102298946)	(6.0, 1.73491970200851)	(7.0, 0.9926025968853298)	(8.0, 0.5760754489025717)	(9.0, 0.35683711052401923)	('>10', 1.1769204685106587)	('>50', 0.07310001318906084)	('>100', 0.022210755952710604)	('>500', 0.0031977726002120743)	('>1k', 0.01750469001491673)	('>5k', 0.00828342778476391)	('>10k+', 0.3751048724314437)
CHa_47_T0_B_TWS042_10_LPART6_1	(1.0, 44.3831802409177)	(2.0, 26.070124140121354)	(3.0, 13.745568986176474)	(4.0, 6.901803211972414)	(5.0, 3.5186733072211505)	(6.0, 1.8714984184933865)	(7.0, 1.0113451529167496)	(8.0, 0.6082531756594193)	(9.0, 0.41720492250512464)	('>10', 1.3675158961056144)	('>50', 0.07537917550390254)	('>100', 0.028322951878139567)	('>500', 0.0)	('>1k', 0.001130420528574173)	('>5k', 0.0)	('>10k+', 0.0)
CHa_47_T0_B_TWS042_10_LPART6_2	(1.0, 44.69149330339505)	(2.0, 25.724538899285854)	(3.0, 13.558194800029263)	(4.0, 6.74132545609647)	(5.0, 3.4892456003025893)	(6.0, 1.7681230993608428)	(7.0, 0.9915359587126458)	(8.0, 0.6096861835945818)	(9.0, 0.37200608909710964)	('>10', 1.3366088663598774)	('>50', 0.08492746808240215)	('>100', 0.03016131133783329)	('>500', 0.0010546793851125282)	('>1k', 0.016801216608444313)	('>5k', 0.003363824446794358)	('>10k+', 0.5809332439051427)
CHa_47_T0_B_TWS042_10_LPART7_1	(1.0, 48.76624929861134)	(2.0, 26.0215609996855)	(3.0, 12.670806723472722)	(4.0, 5.72082493016164)	(5.0, 2.744616767504894)	(6.0, 1.4574448581814001)	(7.0, 0.7512897991516612)	(8.0, 0.44020523723868366)	(9.0, 0.26814660042485444)	('>10', 1.0753225781875926)	('>50', 0.0623176466317436)	('>100', 0.021214560747975657)	('>500', 0.0)	('>1k', 0.0)	('>5k', 0.0)	('>10k+', 0.0)
CHa_47_T0_B_TWS042_10_LPART7_2	(1.0, 48.142005476990384)	(2.0, 25.775651570722914)	(3.0, 12.605139201677016)	(4.0, 5.9502561152638505)	(5.0, 2.8396945578792767)	(6.0, 1.4135005173319801)	(7.0, 0.766453371789452)	(8.0, 0.41556850657054184)	(9.0, 0.2923133566625934)	('>10', 1.0486691095583789)	('>50', 0.06792266960521999)	('>100', 0.02514710401958291)	('>500', 0.002109137104669742)	('>1k', 0.025493442697536804)	('>5k', 0.005024897210429066)	('>10k+', 0.6250509649161865)
CHa_47_T0_B_TWS042_10_LPART8_1	(1.0, 76.6963470516233)	(2.0, 16.851918597844467)	(3.0, 4.47173035290415)	(4.0, 1.3143131939207864)	(5.0, 0.43376411762350603)	(6.0, 0.1456050094362018)	(7.0, 0.05067708983002519)	(8.0, 0.016255063280293608)	(9.0, 0.01018344873987099)	('>10', 0.009206074797408086)	('>50', 0.0)	('>100', 0.0)	('>500', 0.0)	('>1k', 0.0)	('>5k', 0.0)	('>10k+', 0.0)
CHa_47_T0_B_TWS042_10_LPART8_2	(1.0, 76.22359083100561)	(2.0, 16.629157436056648)	(3.0, 4.400557458625417)	(4.0, 1.3002366737745692)	(5.0, 0.4144213088884575)	(6.0, 0.13144453119842447)	(7.0, 0.05833482353166558)	(8.0, 0.01814680816133968)	(9.0, 0.005052714680770606)	('>10', 0.012323433895792739)	('>50', 0.021112474568622877)	('>100', 0.027645415255782388)	('>500', 0.003148104275688435)	('>1k', 0.0)	('>5k', 0.0)	('>10k+', 0.7548279860811785)
CHa_47_T0_B_TWS042_10_LPART9_1	(1.0, 47.93673780394532)	(2.0, 25.58038179165618)	(3.0, 12.487767116258516)	(4.0, 6.131901489814527)	(5.0, 2.987694918485144)	(6.0, 1.7295502753214829)	(7.0, 0.9523844953029187)	(8.0, 0.5752814659147151)	(9.0, 0.35220244756905367)	('>10', 1.1804962001636683)	('>50', 0.0703939426412954)	('>100', 0.015208052927200268)	('>500', 0.0)	('>1k', 0.0)	('>5k', 0.0)	('>10k+', 0.0)
CHa_47_T0_B_TWS042_10_LPART9_2	(1.0, 48.79359413608802)	(2.0, 24.927492188557256)	(3.0, 12.290751932792372)	(4.0, 5.853950858484573)	(5.0, 2.8978792647660563)	(6.0, 1.6694328526659123)	(7.0, 0.8676222473424131)	(8.0, 0.529374504606052)	(9.0, 0.3264092262328535)	('>10', 1.1950262048840066)	('>50', 0.06400839726162542)	('>100', 0.017166483534772594)	('>500', 0.0032150760113613384)	('>1k', 0.021134954729686146)	('>5k', 0.0015504335260432696)	('>10k+', 0.54139123851698)
